100
75 14 107
13 12 29
82 46 144
93 17 130
89 7 101
89 18 107
15 25 40
45 12 72
80 34 138
50 28 84
30 12 52
93 19 126
53 24 81
72 47 126
52 13 72
85 7 99
27 2 34
68 10 102
8 25 35
68 11 95
59 8 71
82 32 143
29 16 57
77 10 110
93 83 180
8 16 25
11 31 58
97 85 196
37 1 48
10 3 18
17 8 31
10 29 45
11 20 45
24 14 38
66 15 103
54 31 96
28 44 96
82 96 187
39 17 64
82 30 116
30 49 95
1 85 100
67 21 116
29 11 56
88 3 121
63 7 83
94 16 120
92 65 157
98 12 130
12 9 35
83 40 143
33 68 105
2 15 17
84 8 101
66 1 74
17 11 40
12 15 32
50 47 130
28 78 122
35 16 68
69 25 118
55 6 63
89 40 167
54 94 175
58 12 98
7 53 83
31 9 48
70 3 97
56 30 103
98 95 256
30 20 78
7 6 28
99 12 113
82 12 110
92 70 197
11 11 30
56 6 82
72 6 98
23 17 58
98 2 141
75 6 102
33 85 152
51 11 83
35 11 69
47 17 73
59 20 120
25 42 103
69 17 100
22 12 64
80 17 124
68 27 97
85 46 185
49 26 90
62 11 104
20 10 46
21 11 33
64 17 116
7 11 33
83 19 143
14 21 41
