200
40 55 99
4 31 35
155 145 373
97 24 125
107 29 145
64 13 91
190 13 217
74 2 83
171 132 323
23 31 64
154 4 164
197 31 247
129 43 177
158 36 229
119 67 198
86 158 262
85 22 115
100 33 157
133 8 152
173 34 220
28 2 32
63 19 91
166 151 372
89 10 110
85 12 122
24 146 203
69 49 148
159 31 216
91 24 144
103 2 122
109 199 382
74 32 120
64 24 118
32 14 50
140 19 161
187 27 256
141 2 152
17 27 57
178 63 301
9 107 135
82 11 118
134 177 377
155 18 194
98 23 137
45 35 106
191 13 210
30 66 98
89 97 187
122 25 167
140 182 352
60 152 265
3 40 56
106 43 161
110 17 140
97 60 184
198 4 219
178 34 219
131 13 169
183 28 254
125 38 198
46 53 110
69 28 112
17 21 46
89 43 171
70 18 99
164 45 236
193 127 345
98 10 140
100 50 159
39 184 235
165 49 243
178 31 217
27 58 98
165 69 268
150 28 200
96 13 132
4 65 99
127 55 220
122 19 167
127 9 139
54 17 84
169 15 234
160 15 210
122 18 170
186 29 260
64 108 185
21 33 58
14 1 19
11 26 61
2 15 42
6 15 34
40 24 74
182 18 267
175 4 215
143 51 215
197 92 320
16 159 220
174 1 202
152 8 160
45 126 213
69 23 135
180 15 258
187 16 211
12 30 63
49 22 98
73 22 104
190 173 469
185 28 277
187 27 227
69 32 116
57 31 121
104 3 158
179 6 188
200 70 293
1 29 43
180 11 233
9 50 76
27 60 127
31 86 131
161 47 222
89 12 150
24 188 265
47 70 165
123 48 233
186 12 247
133 38 216
178 14 198
197 26 303
132 124 342
18 71 134
154 101 343
36 52 102
111 62 180
159 60 245
89 32 145
193 28 290
16 66 121
164 87 266
42 182 293
16 85 124
107 54 235
17 12 69
100 28 167
72 9 105
68 41 125
86 6 95
52 11 68
80 97 244
55 1 100
184 41 262
195 40 311
49 80 180
49 45 114
6 2 15
162 50 250
190 4 280
197 10 289
102 15 151
176 41 220
107 152 294
40 152 258
197 43 290
129 46 227
131 100 249
53 105 159
105 9 134
78 27 146
197 19 251
97 24 173
76 21 109
21 148 195
184 15 202
192 1 238
109 13 183
170 93 289
72 86 209
151 29 186
3 11 49
156 13 183
128 62 205
156 82 279
186 128 361
182 8 279
15 31 101
158 14 187
162 27 203
176 74 253
129 145 351
58 62 182
195 75 376
5 127 198
132 45 217
161 23 197
85 93 231
31 33 79
187 19 253
16 12 79
73 42 137
108 85 237
15 71 104
