250
7 142 184
64 40 108
166 26 240
50 155 221
49 39 110
26 33 64
29 20 54
15 46 75
4 82 88
51 42 101
231 2 266
178 25 241
94 12 114
224 46 281
197 12 223
160 25 201
60 41 129
228 12 264
58 95 171
5 22 27
135 224 402
44 47 115
137 10 179
97 6 114
38 58 99
51 136 212
50 70 148
96 18 146
91 71 180
40 50 98
55 7 62
100 15 151
163 62 255
161 63 263
159 6 187
116 21 169
232 34 299
65 12 83
230 12 280
110 50 163
149 26 214
80 15 127
58 173 261
207 52 284
71 25 125
114 105 263
185 132 345
11 17 28
57 24 90
115 7 144
116 31 163
1 17 27
99 8 109
158 72 271
153 30 227
28 10 43
35 48 96
226 20 322
139 95 245
247 207 478
38 41 88
93 55 148
19 13 38
72 15 92
88 70 171
142 117 294
59 218 289
167 80 314
76 86 176
182 59 279
67 30 126
135 16 154
173 26 201
8 34 50
237 163 489
189 7 199
232 10 296
205 12 243
186 10 219
166 20 251
170 2 173
128 43 221
221 85 385
208 133 343
128 42 173
60 17 113
235 165 515
80 26 139
196 46 268
29 3 44
99 117 227
211 188 405
68 4 98
77 33 113
100 38 144
114 43 159
11 84 141
213 114 433
87 22 135
73 13 95
25 6 44
167 83 312
121 56 186
53 51 146
46 125 201
206 168 383
12 45 64
59 101 182
128 40 185
131 62 232
169 39 231
112 102 252
164 240 522
247 9 296
139 38 209
149 6 158
80 90 220
113 145 287
125 40 176
28 47 103
138 7 160
187 21 213
3 101 133
74 15 111
57 70 138
248 154 522
46 33 99
213 5 229
37 101 189
122 52 206
43 2 77
138 35 217
13 30 85
192 17 226
189 3 254
239 27 311
158 4 200
230 20 255
166 22 249
104 15 153
78 165 312
235 123 439
106 8 131
27 3 33
200 32 235
185 78 349
173 56 261
221 61 388
175 73 317
74 228 373
165 15 215
128 18 170
124 132 318
221 9 315
199 21 260
213 73 294
38 72 152
23 77 112
114 28 215
239 181 472
3 37 48
205 49 319
226 112 338
29 200 304
184 14 227
214 16 284
19 92 131
92 239 370
203 32 274
67 27 133
213 53 303
171 46 217
212 96 414
76 147 288
33 211 322
230 9 289
37 18 65
191 14 235
199 24 233
198 80 335
119 72 255
148 223 450
243 49 347
27 37 92
152 25 233
110 91 225
34 64 118
28 20 54
105 14 124
52 11 80
5 44 90
180 66 266
130 41 217
136 166 356
122 48 172
221 50 311
89 118 228
108 57 223
60 24 105
53 8 78
182 37 287
188 9 240
12 13 49
11 147 218
4 9 23
7 14 55
102 31 155
22 39 83
240 26 371
202 13 247
113 24 219
127 16 189
117 85 204
134 100 290
72 25 169
57 78 192
67 116 279
211 35 356
24 83 153
116 125 258
247 80 395
60 83 224
248 23 377
83 34 143
197 5 248
99 107 207
214 143 481
56 83 206
102 99 223
148 97 318
154 22 213
184 16 250
59 90 171
202 153 404
207 71 389
249 73 418
109 250 427
17 25 112
176 38 214
182 23 288
90 17 111
1 16 66
66 25 156
66 39 177
82 30 138
10 74 85
184 96 373
203 11 235
182 3 260
27 18 51
