300
260 137 424
132 269 436
157 15 179
63 38 119
250 7 263
284 25 348
70 56 135
227 51 290
231 123 417
97 236 349
199 19 254
206 37 292
61 29 103
102 47 159
106 21 127
196 169 437
42 1 46
195 58 287
232 72 354
106 57 205
196 37 295
21 149 218
88 94 213
258 84 416
58 122 183
232 1 267
100 28 143
217 95 379
226 129 421
210 240 496
89 3 115
118 40 161
217 21 261
278 47 377
49 59 127
186 76 309
16 58 101
161 152 348
287 148 466
221 258 604
157 61 280
251 63 386
279 94 400
93 38 160
140 253 445
120 23 146
44 39 89
102 69 179
237 37 281
47 141 207
181 80 262
26 75 108
298 106 456
281 155 526
268 19 370
231 147 395
78 48 126
46 11 63
34 29 84
246 52 363
84 67 203
182 11 215
285 35 372
7 73 96
40 77 161
153 70 289
198 82 366
89 19 142
94 86 203
274 15 367
245 184 447
75 10 119
183 24 250
148 42 220
42 47 110
141 60 263
128 38 217
1 140 147
250 120 417
272 272 580
85 138 228
158 214 455
160 1 190
86 281 372
236 37 339
212 51 342
212 43 275
55 85 154
161 82 303
7 91 128
274 20 322
52 21 90
191 40 264
239 10 253
26 67 122
244 84 334
232 46 359
229 207 498
225 37 279
18 56 106
204 48 280
98 25 162
77 17 136
109 131 244
228 7 311
77 72 198
288 32 421
177 164 396
129 27 205
62 150 242
219 296 649
49 128 203
58 141 266
52 9 68
246 50 389
201 48 334
194 22 268
111 63 182
116 67 242
266 40 412
109 97 231
86 15 112
266 261 640
282 1 329
280 23 307
32 99 163
71 125 219
21 29 84
246 65 347
34 9 57
270 211 555
105 57 226
165 50 242
20 10 49
226 210 471
294 128 530
77 74 207
232 71 369
167 8 191
208 8 268
183 45 280
20 61 88
97 95 249
65 78 204
103 211 409
173 300 478
22 49 71
148 27 233
277 37 398
106 15 170
273 45 321
152 203 379
32 23 64
265 115 383
195 24 230
54 21 87
223 37 354
61 47 143
26 32 77
195 12 212
248 51 328
265 186 505
135 13 169
131 127 313
250 2 339
129 7 207
194 98 361
221 108 424
21 9 60
150 6 162
299 48 420
248 26 335
20 83 139
127 8 148
166 256 553
71 44 166
289 39 390
224 153 425
196 7 267
229 67 370
105 52 190
31 109 180
12 168 195
207 44 294
242 128 452
176 52 329
221 30 270
142 13 161
83 32 187
73 80 153
36 95 160
22 69 158
268 16 352
147 65 311
212 44 354
175 107 330
1 140 220
9 127 183
291 208 620
176 39 304
209 48 348
118 66 252
20 17 77
139 33 228
293 70 490
298 135 549
80 4 129
244 35 298
2 41 62
84 214 328
193 21 246
297 91 396
229 134 495
118 184 375
270 34 366
118 57 198
197 71 389
128 121 250
66 136 250
139 18 199
18 40 65
192 38 242
136 146 315
71 184 285
178 39 270
12 64 148
103 10 174
201 128 342
170 6 261
261 56 449
193 33 226
211 86 346
1 54 60
125 116 322
124 69 242
128 81 267
234 62 411
263 170 481
248 78 377
115 22 141
221 220 450
164 29 287
80 47 144
15 268 385
1 26 62
139 26 194
110 58 257
171 64 351
206 123 364
240 250 582
255 67 335
159 142 422
202 38 341
74 32 173
46 68 156
45 149 269
27 81 162
49 27 114
111 129 316
27 120 210
76 97 279
270 220 536
164 26 263
245 65 427
17 13 63
177 93 297
52 226 400
28 62 148
290 61 441
153 75 276
252 8 343
7 27 69
96 68 217
39 70 158
104 72 183
171 179 361
22 3 99
251 7 329
126 7 198
43 7 103
101 136 276
215 277 624
199 57 354
224 48 400
5 31 97
116 29 240
233 54 289
31 18 83
45 14 81
122 64 297
72 82 244
295 98 397
223 285 553
208 5 306
272 100 508
149 1 184
177 7 265
215 99 422
214 98 314
258 54 419
