100
42 11 75
52 0 67
29 263 310
5 33 42
8 150 161
25 445 489
7 203 214
7 329 336
44 202 252
6 329 335
24 272 304
4 223 229
7 224 237
35 117 210
5 267 274
37 192 255
6 241 252
23 252 276
7 177 186
26 444 495
56 493 599
32 268 326
48 254 341
33 254 313
12 436 462
8 38 47
8 23 33
33 324 383
46 200 263
40 225 340
26 125 171
9 437 450
17 30 61
52 214 310
42 543 612
26 453 494
20 7 29
27 182 230
31 124 166
20 393 431
1 252 254
39 26 88
5 316 322
31 4 63
5 229 236
18 13 45
25 279 304
24 242 283
8 164 180
14 221 240
43 32 83
3 514 518
54 401 485
10 520 538
48 223 362
26 468 497
4 41 47
3 42 46
18 540 588
58 7 150
9 271 284
26 135 162
4 152 156
52 209 307
7 34 47
7 123 135
4 477 483
6 153 170
2 103 105
8 202 215
29 248 296
31 490 540
43 166 231
18 337 365
8 501 510
11 481 501
56 195 279
2 0 2
30 174 215
33 416 473
34 387 453
31 115 176
13 44 57
27 269 309
11 368 388
8 18 32
55 239 297
58 152 241
17 136 166
11 140 152
20 181 212
28 142 178
14 0 25
8 101 122
6 40 47
10 48 58
22 9 49
27 268 306
20 32 54
16 241 260
 37
