150
35 265 333
34 419 471
36 707 758
50 998 1070
37 1047 1089
57 222 302
41 727 799
38 110 166
44 587 691
50 249 351
55 1111 1243
36 631 718
22 110 134
14 5 20
44 461 550
11 848 861
31 321 392
38 734 773
24 864 893
36 490 579
26 829 869
21 449 480
49 344 417
18 538 572
12 271 291
46 572 623
29 30 60
59 705 798
30 1049 1108
33 1140 1186
31 972 1007
5 384 389
11 876 893
8 515 526
17 20 45
53 859 918
20 520 547
31 349 422
35 945 1014
34 400 482
15 391 406
22 408 439
32 1127 1163
39 207 291
39 885 938
57 120 214
28 432 485
34 240 316
39 649 695
27 1008 1047
36 497 542
7 831 840
48 486 535
25 899 927
9 189 201
58 90 193
52 677 737
39 394 434
10 155 168
34 470 515
8 409 420
36 212 258
27 317 368
28 35 70
20 253 275
27 57 85
38 494 570
18 646 688
43 27 84
28 340 390
21 427 454
4 1098 1102
38 445 493
6 4 10
32 0 36
24 646 691
25 831 862
58 54 134
25 710 754
26 239 271
38 124 206
38 742 831
11 387 399
28 53 109
21 0 43
25 899 932
31 36 82
23 962 1014
30 269 335
58 332 394
39 518 587
36 632 680
27 90 149
36 412 456
22 14 37
32 522 596
54 369 454
36 844 882
34 0 42
21 558 584
16 294 313
13 67 80
12 180 209
31 963 1004
27 22 54
27 941 973
28 259 288
39 105 182
38 635 715
33 29 95
24 389 417
36 21 97
9 604 615
35 178 214
38 350 390
54 381 453
8 1105 1115
34 860 919
46 2 58
28 683 722
45 11 119
33 1071 1119
50 201 257
44 195 245
21 708 737
43 247 339
30 15 56
28 853 921
32 157 194
34 81 121
11 221 233
37 471 558
28 141 170
38 0 51
45 531 586
16 416 436
6 24 31
34 447 484
28 73 112
21 448 497
28 952 1014
22 59 81
36 853 940
35 146 190
35 1033 1071
9 262 273
55 525 604
21 879 900
21 93 119
45 493 582

12 503 523
37 441 480
