200
17 242 268
1 543 544
10 278 294
17 356 389
45 815 867
8 244 254
21 874 913
10 32 56
8 815 826
48 1020 1093
52 913 969
6 723 732
22 345 379
16 290 312
27 270 333
30 984 1035
36 83 146
9 332 347
30 448 486
23 56 90
9 456 468
46 361 436
8 475 488
8 252 272
27 262 303
19 792 819
8 404 414
53 0 58
57 462 523
10 955 974
46 343 393
11 842 861
38 274 348
19 633 674
7 588 601
17 299 331
19 23 76
9 1010 1019
17 237 260
5 779 788
39 576 634
28 799 834
51 353 421
9 842 859
19 635 657
9 500 509
21 302 342
27 372 407
9 334 344
32 270 326
52 593 664
31 374 416
25 749 782
1 20 21
39 739 796
23 962 992
5 824 833
6 517 528
59 704 804
5 729 737
15 237 252
20 815 850
9 791 808
16 316 342
32 717 775
19 26 48
30 512 552
32 299 348
4 389 394
2 390 395
19 78 115
6 67 73
9 327 338
32 403 457
12 783 804
41 325 381
38 928 992
29 0 34
4 274 279
57 602 663
32 658 695
34 297 357
23 92 125
15 924 941
25 958 1001
50 361 411
3 372 377
21 199 231
9 334 360
30 428 481
20 34 60
8 5 15
8 308 316
4 221 231
42 296 375
30 272 331
1 230 231
44 214 285
15 423 440
13 326 342
46 773 840
5 323 328
11 291 309
2 360 363
26 602 639
7 216 225
21 952 999
51 458 553
31 43 111
46 346 406
6 328 334
18 81 109
22 814 854
4 696 703
11 92 116
4 27 33
24 443 473
11 224 244
9 837 857
1 33 34
53 240 350
5 531 536
26 323 369
29 925 957
28 597 637
28 78 112
7 243 250
39 304 385
2 608 611
54 958 1033
2 442 444
51 227 301
26 859 891
8 1 10
31 252 318
37 726 793
23 394 436
54 281 392
9 417 435
6 449 455
28 636 681
22 92 133
9 402 417
32 4 45
7 218 230
2 257 260
8 415 429
25 332 362
20 974 1005
20 368 389
41 984 1038
14 303 338
4 439 446
47 957 1012
18 46 74
12 60 76
14 797 821
8 324 332
5 396 405
28 72 126
1 82 83
30 706 760
22 469 512
30 227 281
5 80 87
27 525 567
40 374 431
21 793 818
42 862 915
9 50 61
28 22 81
8 371 379
21 243 264
34 819 864
2 349 352
8 204 218
42 710 772
30 40 92
3 6 11
31 12 52
9 285 294
10 73 84
9 484 500
32 693 744
8 419 433
3 312 315
5 517 522
29 358 403
30 297 334
28 268 307
20 490 529
6 367 375
2 482 485
5 271 279
32 1008 1069
6 448 455
9 668 685
33 726 794
5 876 884
44 479 542
7 580 641
33 60 154
9 468 485
7 797 805
16 534 577
