250
34 1058 1124
16 477 497
17 48 72
4 254 259
32 479 515
33 98 175
14 857 873
27 651 693
22 680 709
5 328 335
3 498 501
9 873 885
16 111 131
20 353 399
18 1001 1034
8 283 295
7 34 49
7 482 495
16 1139 1159
39 401 465
9 1315 1332
40 282 360
12 1306 1324
24 410 449
20 1019 1055
17 1126 1156
3 17 22
4 302 313
21 877 904
16 107 126
5 117 122
15 648 674
16 828 852
34 14 60
30 278 354
6 638 644
46 399 489
28 489 540
10 1102 1113
7 92 102
19 877 914
3 1197 1200
27 26 96
14 873 892
10 535 557
50 1194 1289
33 1137 1193
56 362 488
31 551 588
47 1150 1200
23 810 845
21 1031 1060
18 1050 1077
14 1331 1352
9 734 750
24 1248 1287
9 500 510
48 67 162
19 93 120
15 622 645
8 61 70
28 906 950
18 736 756
9 306 319
25 336 361
5 1292 1298
30 1100 1151
6 918 926
46 261 342
2 406 409
29 467 510
12 45 66
8 76 90
25 475 518
23 31 66
35 98 166
5 1292 1301
36 1309 1379
16 1285 1307
36 271 342
33 516 577
7 14 26
12 1241 1254
30 610 659
5 459 464
42 665 768
34 1128 1166
32 21 70
6 1379 1387
6 349 360
21 395 443
19 289 309
23 363 413
33 52 124
23 565 619
20 918 954
6 506 515
7 1193 1205
27 625 695
59 1382 1506
19 100 132
13 90 106
12 822 845
28 63 100
12 943 958
7 536 549
10 1081 1096
25 517 561
28 104 135
18 786 819
8 681 689
32 1358 1410
5 680 686
9 61 73
31 704 746
19 459 490
32 525 578
47 587 673
56 929 1028
29 1161 1211
1 427 428
52 1308 1410
41 492 547
16 669 695
54 996 1076
7 260 267
36 547 591
16 1045 1083
6 399 409
8 1334 1357
9 423 437
45 608 679
32 304 348
5 1356 1363
14 1122 1143
17 1118 1137
6 7 13
46 570 633
6 59 71
9 638 650
51 47 100
21 955 981
56 24 130
13 889 915
54 50 105
24 419 482
28 1144 1190
6 1279 1286
26 482 513
32 406 461
58 1015 1083
14 67 93
32 879 931
8 282 291
10 397 415
5 442 449
25 0 33
45 38 116
2 123 127
10 1241 1255
5 430 441
7 1082 1096
8 939 949
12 103 118
57 36 113
11 119 133
33 1115 1154
1 567 569
58 432 546
5 342 347
42 367 450
13 14 33
38 71 121
8 581 603
3 1268 1271
22 80 117
50 63 124
15 1359 1386
18 310 345
31 470 501
56 698 789
1 290 291
15 1059 1091
16 459 475
37 264 316
14 46 64
31 263 300
12 35 50
33 1338 1380
33 682 718
44 394 445
14 373 399
23 262 307
49 895 960
11 1255 1271
5 280 286
7 582 589
59 1358 1533
4 372 377
10 625 644
18 485 512
4 279 287
30 756 833
1 9 10
7 19 27
29 1229 1275
6 1191 1197
26 990 1034
59 472 542
3 547 552
13 633 647
47 285 356
7 1029 1048
9 500 516
28 625 664
6 396 413
4 440 444
22 1267 1322
53 544 680
35 24 91
46 630 704
3 552 557
33 99 148
12 295 309
19 1377 1413
9 110 120
31 1112 1167
40 1247 1309
51 98 197
58 104 197
13 572 594
26 350 410
11 1380 1392
10 7 20
14 933 969
45 445 498
49 100 156
6 465 474
18 639 657
8 269 278
14 787 819
50 93 152
13 577 592
56 43 110
16 84 103
36 667 728
27 1369 1396
44 54 139
3 277 280
29 283 329
