300
27 1069 1129
40 823 872
44 813 874
38 703 750
31 83 128
21 384 417
27 640 694
36 122 158
27 1061 1091
37 1761 1805
9 1010 1023
52 1553 1609
20 531 578
25 675 701
37 497 562
35 801 843
56 486 596
51 27 99
27 2115 2153
33 1700 1740
28 645 709
30 907 973
59 882 987
31 147 194
24 855 888
7 1626 1635
33 679 733
20 351 375
22 767 789
50 128 184
24 2042 2072
39 96 155
34 341 407
37 815 865
20 1185 1208
36 2021 2065
54 1352 1451
33 335 380
32 274 309
59 1737 1821
40 560 651
44 1962 2043
27 1981 2046
39 300 369
23 731 771
26 760 819
20 862 886
25 268 322
25 221 269
34 560 609
49 0 52
49 717 788
2 1738 1740
43 933 994
33 923 963
26 1098 1136
5 562 567
23 398 423
48 226 300
28 267 324
42 564 625
55 10 77
10 937 947
54 40 171
2 1516 1519
17 244 266
24 992 1019
21 603 628
26 549 608
27 18 55
29 1901 1948
28 904 942
42 1951 2013
6 140 148
28 1909 1945
34 508 556
12 1286 1298
28 1000 1039
26 114 148
29 423 460
49 117 167
10 42 56
33 1002 1038
5 273 278
27 709 743
30 2216 2265
59 1286 1348
25 1721 1749
28 1669 1702
29 1669 1738
38 1243 1298
36 1007 1046
36 443 482
46 2010 2079
39 831 877
47 921 1014
34 89 134
57 145 209
45 149 203
37 1953 1990
21 692 719
35 954 1010
53 107 172
12 521 538
36 1542 1582
29 1525 1558
45 40 107
49 776 875
14 761 779
20 1740 1763
35 1560 1604
46 1950 2061
5 1112 1119
17 40 61
9 962 979
21 2075 2106
38 444 533
22 1158 1186
27 220 258
2 1782 1784
35 313 348
52 2232 2342
39 74 129
8 1214 1228
36 1718 1805
27 124 159
26 826 863
30 721 761
38 867 908
24 642 673
44 69 129
33 1137 1180
47 991 1060
26 1213 1244
54 119 247
54 552 617
45 450 501
14 357 373
22 93 129
36 478 523
22 277 304
21 328 358
24 1855 1886
21 1190 1223
17 211 231
6 2063 2077
40 355 443
31 1485 1557
31 2237 2272
3 123 127
53 1783 1912
28 1935 1985
51 1718 1787
27 2203 2230
35 164 235
34 561 605
7 793 801
27 593 656
29 1491 1527
56 731 807
37 1863 1912
25 1199 1226
14 93 110
29 376 440
23 206 237
1 176 177
36 688 731
9 1558 1571
28 874 932
44 1105 1163
13 332 345
1 139 140
42 389 448
44 31 90
36 1494 1550
34 1134 1168
55 935 1042
53 1090 1167
39 926 1001
58 1689 1760
19 90 110
5 1066 1077
22 97 128
7 42 49
24 1886 1914
36 774 824
31 537 576
28 848 876
27 1213 1263
51 49 104
35 963 1024
33 415 456
30 404 436
15 351 372
26 1932 1970
22 101 150
3 1146 1150
56 656 714
26 231 294
25 787 837
12 322 336
32 574 610
23 1042 1069
52 635 699
22 881 904
30 292 324
24 923 948
12 246 258
46 1503 1573
20 1936 1965
19 725 752
12 703 715
22 109 138
32 115 159
30 43 91
50 989 1050
14 672 687
37 542 586
35 2093 2133
42 747 793
39 1293 1346
58 625 687
7 1013 1029
41 1560 1654
38 2219 2265
51 1172 1297
24 793 819
26 1563 1618
15 895 917
29 1089 1119
26 1536 1596
35 563 607
55 253 329
23 445 497
49 101 160
59 17 126
46 24 135
30 1756 1791
14 1189 1215
30 2069 2105
18 1305 1324
23 474 507
45 384 441
27 1759 1790
31 1601 1652
17 139 166
36 2040 2105
25 1393 1454
34 574 612
14 776 799
20 1415 1435
6 449 458
15 4 20
33 1374 1443
19 322 348
30 858 888
27 882 921
20 2188 2208
30 564 597
17 615 651
9 1068 1078
10 522 534
31 1610 1660
32 2 75
31 851 910
37 1006 1051
36 1142 1187
29 316 358
10 1761 1771
39 179 221
39 689 752
10 1417 1427
34 39 78
26 1758 1796
4 104 110
38 145 188
20 172 208
37 561 600
53 44 122
59 141 204
21 2125 2157
59 861 926
24 112 136
2 175 177
21 1660 1706
33 1479 1512
36 1022 1105
23 58 100
25 430 476
29 209 241
18 941 961
4 2127 2136
37 969 1012
12 361 383
55 295 353
22 7 36
22 1778 1831
29 1832 1867
8 15 26
49 1781 1849
