350
57 1020 1178
3 82 86
55 648 739
54 1095 1162
13 1097 1122
8 494 511
9 687 702
13 93 109
16 916 941
10 1059 1078
33 1498 1545
8 901 911
53 545 598
35 851 949
51 672 746
8 694 702
9 1825 1841
23 1756 1779
26 121 163
29 1276 1336
18 409 449
3 1765 1769
22 1189 1223
12 822 842
45 365 410
13 29 44
3 357 360
25 47 90
24 436 469
29 935 978
4 925 929
19 504 533
9 1755 1779
1 686 688
8 501 509
38 907 968
19 1760 1784
6 640 647
14 762 777
58 723 833
16 378 396
28 1552 1623
6 1598 1609
45 1462 1537
21 951 989
3 1233 1236
25 167 208
31 1425 1482
2 1384 1387
5 617 626
27 453 481
38 117 159
12 1302 1323
24 104 134
32 885 922
11 504 515
7 419 426
24 877 919
17 1363 1394
9 57 72
51 1873 1966
56 404 466
3 1690 1693
27 766 803
12 787 822
7 42 54
29 1909 1965
50 79 150
14 790 808
25 17 59
9 141 150
58 1269 1352
51 1049 1122
27 958 1000
34 12 68
59 737 796
27 563 590
22 998 1023
27 1355 1388
17 697 747
4 894 899
58 78 181
25 584 620
51 938 994
22 940 984
54 922 976
29 1438 1485
10 806 824
42 843 894
43 1902 2023
14 917 932
18 35 61
16 400 427
8 159 173
40 414 461
6 480 489
22 1242 1278
2 756 759
28 1741 1774
22 585 618
41 948 1013
26 980 1031
4 379 383
42 1789 1853
5 55 61
24 40 104
27 457 527
30 90 146
20 160 199
32 26 59
22 136 158
43 842 902
15 918 934
6 713 724
16 477 517
10 808 822
16 725 746
9 488 499
34 498 565
9 1158 1172
49 531 612
32 434 481
28 1097 1147
27 168 208
2 810 813
3 79 82
58 1260 1375
2 63 66
7 1223 1234
8 1479 1488
22 697 723
4 861 868
34 172 224
34 850 914
1 372 373
18 95 128
18 353 383
21 854 881
13 700 725
19 735 768
9 847 863
14 678 696
8 582 593
52 1444 1546
27 1446 1480
9 895 914
2 1878 1883
54 710 868
23 441 472
14 1598 1636
16 728 750
9 644 661
23 824 860
23 518 542
24 589 625
7 1808 1819
48 593 686
6 127 137
19 1751 1783
28 1600 1672
23 549 578
6 685 695
48 736 820
15 32 54
23 714 752
28 5 48
7 403 410
16 614 636
11 166 186
15 16 37
26 137 188
13 435 452
22 744 803
8 1865 1879
38 99 172
17 919 949
12 128 149
29 936 990
17 493 527
30 136 182
7 922 935
20 1739 1773
5 831 839
40 936 1015
27 514 555
29 1720 1771
15 637 661
3 1585 1590
18 414 460
16 695 718
3 1130 1133
45 473 540
6 843 854
22 953 986
49 674 766
27 362 392
23 1770 1794
28 99 171
19 38 64
21 1788 1820
13 531 556
6 8 19
33 583 634
1 953 954
12 550 562
29 524 563
9 147 163
30 56 114
8 1861 1875
29 518 565
8 567 575
6 1546 1553
39 41 86
7 788 795
54 778 849
12 887 916
7 137 153
53 581 640
13 86 100
24 148 185
2 366 369
2 1841 1843
8 1197 1206
40 731 773
14 466 507
57 350 418
3 1375 1380
58 575 636
41 25 82
6 482 492
15 1145 1170
38 610 682
42 614 675
17 103 134
6 598 608
31 745 781
17 1048 1076
5 1830 1838
44 100 162
17 735 752
32 1301 1358
6 527 536
15 479 497
51 1416 1482
14 543 565
52 1743 1819
6 102 109
4 1105 1110
48 565 636
10 928 942
29 603 643
12 388 406
34 386 428
45 697 774
10 983 1001
20 886 933
10 1304 1317
3 1120 1124
35 94 157
15 431 448
20 441 473
30 119 170
32 494 536
33 784 844
5 379 384
25 1439 1482
22 1885 1927
28 805 843
23 100 138
43 838 900
46 594 645
59 1408 1496
5 990 996
22 1765 1814
34 796 834
28 96 151
38 6 58
6 498 508
29 897 981
5 506 512
18 1344 1367
43 543 612
25 1116 1173
2 1270 1272
8 710 719
11 656 676
6 958 973
15 37 62
4 1338 1349
53 160 228
55 881 973
22 925 980
28 809 875
19 1326 1363
12 1791 1811
14 1148 1170
56 743 830
24 828 871
9 633 656
15 1639 1660
15 1359 1380
21 676 706
1 1184 1185
33 661 711
49 519 614
1 683 684
41 350 419
32 1638 1708
44 794 841
33 656 695
22 361 392
14 550 566
16 364 385
30 895 938
12 507 530
5 672 678
7 787 794
28 398 452
8 1476 1490
32 129 186
2 886 889
11 487 502
23 1838 1891
9 141 153
2 1506 1508
26 171 199
1 421 423
27 804 870
33 83 145
1 734 735
9 392 407
11 162 183
13 635 648
7 1513 1522
15 3 18
19 621 654
8 88 97
15 85 108
33 32 96
18 1383 1426
19 0 30
28 151 180
33 994 1059
23 814 838
16 801 842
11 1053 1068
8 594 612
23 679 712
20 153 184
48 1132 1199

30 1339 1400
