400
3 437 440
14 126 140
7 817 824
2 1025 1030
30 529 567
25 1221 1273
51 957 1054
33 688 751
1 119 120
28 67 146
50 1779 1859
30 432 487
4 462 466
5 31 40
9 2071 2097
4 470 474
49 128 186
22 159 187
20 114 141
48 837 915
7 704 712
33 941 983
24 768 803
11 1991 2007
38 630 696
28 1659 1697
23 171 213
8 572 587
33 672 733
3 156 160
4 1096 1102
22 1204 1235
56 110 184
33 614 670
8 32 46
18 401 427
22 1040 1078
50 757 853
27 561 611
17 110 139
14 499 520
31 2102 2151
7 1381 1392
32 476 517
12 1147 1178
15 1271 1298
7 1120 1132
18 109 144
5 95 100
34 1514 1576
13 1757 1777
25 914 963
30 1417 1471
29 128 176
57 1898 1995
24 987 1032
15 85 101
49 99 206
6 1026 1036
46 990 1064
46 16 85
48 595 660
23 864 893
33 503 568
23 496 534
26 2103 2152
45 512 594
8 951 961
8 62 80
5 174 182
29 561 638
5 38 45
52 451 535
32 763 802
16 408 436
14 1048 1079
32 678 727
27 1461 1511
12 71 91
37 1082 1122
56 79 135
39 1256 1299
14 995 1017
38 1313 1351
18 173 205
26 29 93
16 131 149
28 1108 1145
10 105 122
13 640 657
7 934 941
40 487 600
13 861 886
2 665 667
11 1959 1971
56 190 277
4 557 567
5 589 598
15 680 705
10 492 502
52 801 892
58 1997 2105
12 47 70
35 1679 1737
5 495 503
9 698 714
5 591 604
37 1008 1066
6 1082 1089
23 913 939
31 533 610
30 1824 1857
30 65 117
25 1765 1806
35 1893 1943
6 817 829
9 633 650
46 654 725
21 470 521
22 762 803
6 519 530
2 41 43
27 173 223
19 997 1034
3 2061 2066
49 642 692
30 1330 1368
33 921 978
3 1130 1134
9 417 439
46 1789 1900
18 1816 1838
23 2178 2213
4 27 34
3 140 145
8 1212 1227
13 2004 2023
7 1888 1908
52 2045 2106
32 1373 1445
44 1725 1784
5 708 714
7 913 924
25 9 36
18 936 970
43 516 598
38 737 782
24 421 452
12 1797 1809
16 29 58
27 1024 1059
6 2 13
34 1617 1661
21 917 949
21 944 973
34 611 671
52 787 843
2 629 631
54 817 913
15 591 615
8 909 930
59 1313 1470
53 454 552
34 1566 1620
58 997 1094
7 802 814
24 24 58
27 80 118
44 1510 1587
28 577 613
26 399 427
33 604 653
34 581 627
10 1995 2007
9 639 655
21 1035 1072
20 1881 1911
19 1135 1169
7 981 993
6 1374 1391
28 434 468
16 460 503
15 422 447
26 866 911
13 18 39
43 1514 1562
54 2050 2134
10 98 109
14 1039 1053
13 785 823
9 851 860
8 1268 1282
1 874 875
28 46 83
30 905 961
49 115 182
5 1178 1183
30 1785 1855
32 729 788
57 461 552
8 2136 2151
50 395 525
24 172 196
4 586 592
31 1923 1959
20 11 50
16 1360 1403
17 1983 2000
13 1832 1851
34 65 122
46 609 695
5 838 843
16 1606 1635
9 2164 2173
22 453 490
15 775 794
48 1149 1197
49 173 249
26 499 571
24 883 945
11 840 861
11 1251 1271
3 9 12
27 646 689
3 2128 2132
29 1053 1089
7 2036 2048
23 1196 1233
14 1549 1570
7 182 195
6 1053 1065
29 703 748
23 654 682
22 1331 1373
58 178 256
6 662 669
40 576 617
24 887 915
45 720 809
50 185 249
23 791 831
24 105 141
25 514 554
12 481 497
25 1814 1854
5 506 511
15 483 498
6 1062 1069
40 1035 1109
23 627 690
46 36 93
12 1374 1389
16 2106 2129
28 958 1010
51 758 818
26 702 746
2 164 166
7 458 478
7 701 712
8 2076 2084
1 69 70
22 579 622
30 1351 1389
24 979 1014
11 796 814
5 687 692
24 485 522
5 156 164
5 1090 1098
20 87 126
6 137 148
9 92 104
26 1302 1333
5 593 602
33 1582 1679
30 426 471
32 1451 1509
17 466 484
5 396 407
5 697 702
13 168 184
31 500 548
2 995 998
12 436 459
10 821 833
39 2189 2228
10 575 589
23 31 59
20 1753 1789
39 1065 1152
27 1113 1156
31 779 812
31 1498 1531
24 155 185
27 552 597
15 110 129
24 108 152
13 939 971
6 1431 1447
8 75 86
36 639 696
4 654 660
12 122 138
51 126 255
29 1639 1690
41 879 983
51 0 89
7 487 498
20 866 901
17 174 192
21 1260 1308
23 1940 1968
1 2039 2040
55 1549 1631
33 1496 1550
57 1077 1226
6 142 154
15 56 93
24 974 1028
6 1616 1626
6 573 584
5 721 727
29 1048 1102
8 456 469
18 149 201
19 671 706
7 461 468
6 871 883
25 1713 1740
28 1276 1326
16 2104 2126
19 63 90
2 1060 1063
11 578 598
17 17 42
58 1394 1546
2 1187 1190
54 1324 1389
55 693 797
23 1799 1833
3 1479 1483
43 528 599
8 416 424
10 85 98
20 10 34
7 1016 1027
29 45 94
18 2042 2069
2 1260 1264
6 984 991
3 794 799
4 1033 1040
4 1873 1879
6 1876 1891
10 974 991
1 1351 1352
15 950 967
17 968 1009
31 83 114
43 1208 1285
15 953 970
7 467 478
58 17 82
14 1020 1037
7 477 489
30 792 830
50 1074 1152
53 76 160
33 1244 1306
28 949 985
25 513 539
8 735 744
8 1808 1817
2 1692 1694
11 650 664
23 1117 1141
20 1604 1629
57 1456 1623
5 22 30
1 1156 1157
1 1747 1748
9 1113 1125
41 1030 1085
23 18 46
20 714 742
7 1966 1975
3 913 918
13 740 761
34 805 873
25 803 838
1 634 635
23 1092 1122
9 980 990
36 1863 1912
16 87 105
33 929 991
55 874 937
47 626 688
31 1272 1303
18 396 417
