450
57 864 924
29 1305 1365
34 3306 3345
53 1900 1982
30 54 89
30 1449 1479
21 1887 1936
2 1388 1390
34 2060 2111
21 1775 1806
41 116 170
23 249 292
29 2026 2057
36 340 393
31 1764 1802
55 1608 1710
1 1070 1071
35 1663 1749
35 1643 1691
5 177 187
27 1538 1571
12 1368 1390
37 87 141
33 711 746
17 2223 2247
30 1141 1182
14 27 43
28 233 302
25 852 905
34 1619 1655
21 3077 3128
36 142 195
43 1283 1340
38 1402 1455
41 951 1005
30 2861 2923
24 171 195
23 1029 1071
37 1193 1264
39 60 114
6 1919 1930
55 115 173
28 179 217
20 2463 2491
32 1009 1053
31 1574 1648
53 1537 1657
27 2240 2270
38 29 84
28 2736 2794
37 738 778
58 1632 1773
37 679 722
29 203 253
21 916 957
24 1456 1511
23 305 329
24 1512 1539
37 1777 1827
25 68 104
50 26 100
27 787 850
31 1586 1624
27 1072 1099
27 46 73
12 3045 3058
25 1406 1438
22 1006 1036
24 299 332
12 2066 2092
37 2478 2533
36 1300 1353
32 1740 1818
33 922 978
1 1252 1253
35 2037 2099
4 2607 2613
27 2885 2912
20 1093 1115
37 1296 1335
23 6 30
33 1507 1556
28 977 1013
43 1436 1486
26 1495 1521
59 11 70
12 1659 1675
36 3063 3121
25 2105 2141
26 1185 1237
41 2498 2580
50 3059 3117
18 1215 1235
3 618 621
36 2765 2802
37 1483 1546
14 2336 2352
34 3124 3208
22 213 252
48 1666 1734
31 1069 1133
26 1433 1480
31 152 184
35 1646 1721
29 206 261
26 1439 1470
57 3344 3483
49 3072 3128
24 1450 1476
59 387 468
29 1155 1185
55 2832 2897
18 943 967
38 3100 3171
13 107 124
17 258 281
25 770 820
38 210 261
45 1677 1722
36 545 594
49 311 421
37 3072 3134
27 1078 1132
13 200 216
19 3150 3171
28 2034 2077
48 2817 2873
40 550 599
39 1633 1698
35 1913 1952
39 221 273
43 43 109
31 3178 3212
58 657 736
28 1122 1158
23 1489 1518
44 1399 1459
42 3302 3361
17 659 685
17 1369 1386
19 1997 2025
25 359 387
17 1297 1320
38 1759 1845
39 76 170
52 2824 2884
20 157 181
8 1583 1591
16 65 84
24 1448 1475
19 2562 2589
38 1148 1239
6 246 253
39 3217 3268
32 520 577
39 150 207
21 1173 1210
37 1517 1570
58 3154 3218
35 293 369
54 1046 1110
24 2495 2529
49 1711 1767
38 808 862
29 3012 3047
43 30 76
13 1231 1260
9 1411 1425
42 2304 2352
3 737 740
3 983 987
33 2006 2067
32 133 184
35 1877 1962
37 1337 1384
33 332 369
23 732 761
29 1049 1120
59 18 91
7 1930 1939
25 1285 1314
31 1844 1887
2 1491 1494
24 1697 1731
24 42 69
30 168 207
16 133 155
14 2744 2760
38 1146 1185
11 1330 1346
46 1623 1669
32 401 437
21 1487 1508
6 1424 1431
34 56 124
20 1590 1614
2 967 969
56 1680 1785
26 2435 2465
43 130 216
24 3291 3317
31 329 379
28 614 651
30 2837 2879
26 1434 1488
32 1614 1649
35 2674 2710
39 995 1077
17 1166 1199
58 1841 1922
26 1775 1813
8 1366 1374
54 2536 2603
29 871 902
24 94 137
15 1171 1205
38 3008 3062
29 603 657
25 2808 2837
20 734 757
22 2655 2687
48 621 735
37 146 191
2 2040 2042
52 918 1047
20 829 849
26 2769 2798
59 1536 1606
34 2932 3001
11 1504 1520
24 73 127
58 2193 2278
39 1082 1130
17 3305 3322
26 494 543
32 2446 2482
28 194 231
28 2821 2857
37 1262 1316
20 1785 1828
45 2119 2179
55 2059 2114
58 110 186
22 1556 1587
26 3074 3102
59 715 780
46 1471 1517
59 16 87
36 397 453
16 606 624
25 1734 1759
34 1301 1382
29 2778 2813
2 138 142
54 911 969
57 1835 1969
27 1667 1728
37 2955 2997
45 1475 1577
29 991 1027
4 1162 1166
26 1494 1530
7 27 34
11 1601 1626
34 1360 1396
28 142 208
23 1838 1890
23 1523 1550
16 2377 2398
30 348 387
12 2003 2015
33 14 48
5 407 416
24 2145 2177
24 2050 2082
34 2099 2149
16 3260 3293
36 3099 3135
28 1796 1837
39 120 163
36 2684 2721
17 1339 1360
23 2690 2735
47 664 726
11 1373 1384
12 1958 1980
45 622 726
28 173 209
44 2879 2981
14 213 233
27 1399 1459
28 1650 1685
29 104 159
31 2131 2176
28 3004 3072
26 1567 1594
19 737 763
22 1306 1337
30 219 256
22 1248 1280
30 0 34
28 72 105
24 35 68
16 1649 1669
30 2931 2962
53 857 930
16 1898 1915
51 1607 1672
32 445 498
49 2215 2266
49 2010 2069
18 187 206
56 19 95
25 1269 1305
31 798 835
36 85 154
23 3307 3341
6 3023 3033
39 266 307
45 1202 1294
2 1934 1938
28 2467 2497
15 388 409
59 3304 3384
27 861 897
9 230 241
13 121 137
22 2321 2350
31 466 511
35 1264 1306
51 794 857
41 1010 1056
17 53 70
33 1234 1291
31 3069 3105
57 1078 1162
34 1323 1407
38 1238 1287
19 203 234
12 85 97
24 1800 1830
27 23 75
39 1167 1224
23 3317 3351
29 2812 2859
46 1258 1310
35 1257 1325
4 303 307
6 636 644
17 2141 2180
6 174 180
59 801 881
20 8 37
34 428 475
21 1284 1314
26 1152 1205
23 2306 2339
31 2544 2590
28 959 990
14 154 178
23 215 239
34 2953 3034
44 33 78
3 1065 1069
26 679 740
33 3057 3138
46 145 209
48 32 83
49 1645 1740
27 728 758
56 473 604
31 2319 2352
25 1317 1366
22 96 119
24 67 109
28 1139 1180
57 163 238
25 472 525
40 435 482
33 784 859
46 934 996
9 369 380
20 2422 2448
21 112 136
1 1503 1504
18 51 95
34 537 598
4 1581 1587
58 220 304
14 48 66
46 167 223
26 1350 1392
32 549 587
59 1636 1738
23 702 733
37 1420 1463
27 3050 3092
22 62 88
20 62 90
3 1655 1658
1 2189 2190
9 1124 1134
33 35 115
44 2924 3003
38 1581 1633
31 147 185
41 159 206
33 3164 3207
27 1049 1080
34 26 107
14 1006 1025
33 1699 1757
25 1446 1481
26 238 299
38 329 372
39 1397 1467
12 586 601
27 381 436
22 1158 1183
38 826 905
28 2961 2992
56 279 346
17 1165 1204
21 1746 1777
55 231 342
20 2225 2262
36 44 131
27 3162 3190
57 2311 2418
32 2309 2350
28 1298 1332
24 1101 1130
56 3120 3198
2 1940 1944
25 2567 2594
7 75 83
20 1700 1728
52 248 313
27 2633 2672
22 2119 2144
28 1566 1618
52 995 1055
7 2454 2462
29 459 489
28 102 162
49 109 219
27 1739 1797
55 1630 1725
21 1652 1698
37 262 316
