500
37 223 273
13 552 580
17 1924 1945
12 2578 2594
22 2338 2396
7 800 807
37 1545 1609
25 890 915
42 820 866
44 192 259
4 575 585
11 160 175
39 24 65
32 771 811
8 710 732
31 945 996
48 1488 1574
3 1039 1043
7 1514 1525
28 122 157
18 237 257
5 572 578
10 802 812
23 21 64
23 2351 2385
55 776 833
10 1352 1366
25 735 761
58 553 658
5 1103 1111
4 155 162
12 972 988
46 1071 1162
19 1841 1869
16 644 674
20 142 170
7 141 153
20 1049 1082
18 1000 1022
40 2302 2378
6 522 535
17 741 760
20 195 248
6 162 172
15 1128 1155
18 2305 2329
40 1091 1149
33 1945 2024
5 693 698
20 2607 2634
9 1288 1298
7 1044 1052
16 794 825
1 602 604
18 661 696
45 54 108
20 1286 1306
47 155 240
45 1166 1227
7 1790 1800
10 655 668
17 777 798
11 1774 1793
8 641 655
54 62 154
34 1833 1869
7 795 806
21 65 127
13 1973 1997
10 904 914
28 2392 2431
31 132 208
1 1340 1341
14 608 629
51 1133 1225
7 2128 2139
32 1039 1076
6 1949 1959
1 82 83
5 1049 1055
34 2308 2352
3 2603 2606
40 165 258
16 1747 1793
9 1968 1990
3 203 208
39 1467 1520
14 1562 1582
47 2661 2728
34 1876 1923
6 586 592
24 87 127
8 2483 2499
9 249 262
48 985 1125
27 603 642
45 984 1038
25 1156 1191
12 524 546
51 2696 2794
22 575 610
2 795 797
11 89 106
59 9 112
9 883 894
4 1164 1171
22 212 246
26 1153 1207
47 2308 2424
26 1298 1344
57 1137 1209
11 1191 1209
14 128 151
8 909 922
21 1262 1294
5 2699 2713
15 44 71
18 13 32
4 1515 1521
52 1819 1914
32 593 651
22 1984 2008
1 661 662
58 777 873
6 696 709
30 609 641
37 65 157
27 2276 2328
8 713 728
41 520 582
39 2705 2762
1 1726 1727
10 2564 2590
26 1086 1133
32 2151 2183
49 165 234
32 1186 1226
29 1931 1980
1 626 627
29 1696 1733
12 2536 2553
56 994 1079
9 2514 2530
34 87 147
25 654 701
18 142 164
24 1066 1095
28 1977 2030
9 2067 2081
11 614 631
7 98 107
17 1164 1187
31 1178 1223
58 2153 2256
5 32 44
32 518 563
21 246 280
16 891 926
32 1261 1323
9 2386 2402
16 15 62
3 543 548
38 1509 1583
20 1425 1458
9 1479 1496
13 54 70
6 2458 2464
34 831 879
49 1058 1130
59 542 657
32 705 789
21 1342 1403
22 1103 1128
50 25 77
19 191 230
26 2471 2517
9 877 891
6 1666 1676
31 1443 1485
53 636 717
32 2133 2176
43 2085 2165
29 35 117
16 1832 1863
20 95 125
17 1167 1195
21 1362 1390
6 671 679
52 1022 1103
22 1091 1141
6 108 117
18 108 133
30 1348 1378
43 1214 1264
9 1889 1899
29 1775 1805
35 1305 1349
41 1335 1396
9 2103 2124
31 1278 1362
40 1788 1847
20 836 857
8 577 588
35 999 1059
13 2184 2209
37 1095 1132
6 1071 1082
7 839 852
34 122 160
55 1496 1643
1 76 77
41 1006 1058
38 38 111
7 1036 1049
6 983 989
5 560 568
5 591 599
15 1955 1974
22 2154 2183
27 113 162
35 218 303
7 1248 1255
10 1403 1421
34 2120 2169
9 1138 1151
18 1014 1032
9 652 667
7 1516 1527
9 168 178
6 25 35
24 1186 1213
41 1275 1318
2 2476 2478
17 117 150
8 183 198
1 87 89
11 688 709
22 569 599
8 1344 1354
15 35 62
43 190 254
5 2608 2614
6 83 93
7 678 685
6 925 942
5 700 705
14 2180 2219
28 1236 1289
14 1033 1050
11 2452 2469
29 1066 1107
6 2506 2514
24 749 775
25 2214 2283
6 2516 2525
16 623 650
16 8 27
7 1748 1757
8 2467 2478
28 2311 2357
48 55 125
17 896 925
27 2675 2710
16 1736 1756
8 1262 1277
6 834 845
26 2208 2257
17 115 143
58 986 1087
3 1209 1216
41 2072 2119
1 850 851
44 116 243
7 1893 1904
24 826 850
27 188 222
22 660 697
6 939 945
6 639 648
5 1358 1368
10 843 861
9 98 108
32 2271 2327
33 220 284
8 676 691
26 215 249
5 506 518
23 1255 1292
18 746 784
5 1283 1292
30 1216 1281
3 1036 1039
9 2616 2626
32 1261 1301
1 148 149
36 1839 1904
45 1771 1818
53 502 595
54 2517 2607
45 1233 1297
54 817 978
13 1082 1100
9 631 643
53 1070 1173
6 2167 2177
42 208 272
33 83 118
3 52 60
9 132 155
5 0 9
8 8 31
11 1250 1266
31 773 810
46 726 785
51 1753 1815
2 634 639
20 2433 2468
5 1784 1793
8 160 173
33 607 670
8 226 249
6 916 922
32 231 284
34 1629 1718
27 2079 2145
25 1590 1626
16 1788 1813
28 139 184
57 1130 1265
6 194 204
29 690 719
1 664 665
30 2122 2167
44 1165 1213
23 1087 1113
30 100 140
29 1496 1535
7 766 776
23 2266 2301
11 83 104
9 39 48
41 102 147
24 1262 1286
11 1316 1334
28 1061 1092
9 859 871
13 1397 1420
24 28 53
8 2432 2442
36 779 834
54 1239 1313
31 39 82
13 1733 1750
16 1517 1561
9 61 85
55 1752 1808
23 2043 2103
5 1627 1633
28 807 857
5 1294 1301
24 876 919
24 45 83
43 1345 1410
33 564 597
22 1012 1074
6 198 214
31 887 939
43 1039 1110
47 2193 2247
5 788 796
28 2027 2060
17 1229 1270
34 558 607
32 1321 1359
3 1776 1779
17 1562 1582
22 1 31
34 113 149
8 1583 1598
2 514 517
8 1299 1312
11 100 128
15 244 265
30 2655 2689
10 1669 1687
7 720 730
9 115 126
34 1293 1359
12 148 162
3 506 511
14 2578 2602
5 711 724
1 80 81
8 156 167
49 6 83
26 807 855
48 1188 1263
26 1183 1212
49 522 654
1 2634 2635
7 179 189
16 633 662
7 2069 2078
11 997 1017
13 747 762
20 1592 1612
14 1880 1894
8 1265 1276
8 1108 1118
3 190 194
6 1012 1018
44 41 91
32 822 883
12 1648 1672
10 534 562
34 946 1012
18 1012 1030
17 163 196
8 2308 2322
10 2655 2674
9 794 804
15 1219 1241
48 180 254
19 1230 1267
8 1187 1195
3 2126 2129
28 2218 2256
20 746 783
43 2354 2420
4 757 761
33 1127 1180
26 1240 1287
53 2682 2770
6 2592 2599
19 814 843
21 1839 1871
29 2089 2122
21 1042 1077
8 958 969
39 1882 1953
58 748 911
43 31 78
28 2621 2675
19 205 240
3 2392 2396
33 2404 2448
9 1714 1730
9 575 592
22 2249 2292
38 1219 1258
15 2263 2307
3 1504 1507
26 714 747
10 2615 2634
22 20 49
21 1898 1937
3 962 966
41 1573 1677
14 167 183
17 2436 2453
20 596 641
3 563 567
17 772 797
13 1515 1541
30 1959 2001
32 1120 1158
47 237 291
22 2011 2044
24 553 597
21 824 855
3 561 566
6 510 518
49 1765 1862
43 501 558
42 1176 1240
13 1329 1357
19 2157 2181
38 533 603
35 692 744
25 2481 2550
6 504 513
24 531 571
5 1099 1107
40 90 168
19 2664 2700
47 1009 1069
21 1994 2026
6 647 658
23 1763 1801
27 705 761
9 1007 1026
39 43 103
8 2288 2296
29 222 261
51 826 885
20 508 538
7 1519 1528
53 2554 2648
23 2268 2303
25 2547 2581
