100
14 520 549
46 509 563
53 551 632
54 1064 1143
19 0 19
82 133 221
70 152 224
18 444 480
48 0 49
54 557 621
45 673 728
69 396 476
64 382 463
92 235 336
67 655 741
70 69 144
42 25 67
27 637 675
43 103 152
34 1180 1217
100 0 105
68 295 365
81 1194 1321
46 96 147
52 158 220
10 215 233
65 951 1027
55 521 595
70 513 589
31 508 546
27 518 561
34 528 575
42 93 137
14 225 242
21 121 142
60 121 185
15 1001 1055
20 30 52
44 130 178
25 663 698
64 406 483
14 0 14
50 0 52
45 593 645
34 160 197
52 618 696
44 215 266
88 78 170
96 545 654
101 228 335
64 463 547
53 721 780
62 206 274
61 697 772
60 422 497
60 409 469
99 0 102
40 21 61
53 281 334
9 894 913
50 446 515
27 958 990
61 420 490
17 101 120
44 779 862
49 838 927
89 852 973
62 595 678
45 813 900
49 737 805
59 187 256
13 98 112
42 0 42
62 34 99
71 960 1044
15 992 1021
81 0 83
101 277 379
11 1073 1132
22 107 134
62 491 577
49 32 81
60 219 287
84 741 853
95 0 99
55 551 622
67 528 604
53 219 281
83 320 420
13 696 721
44 253 310
41 493 553
71 720 795
50 882 957
45 119 165
19 425 465
91 120 214
42 411 460
68 467 557
40 0 41
