150
40 160 210
71 0 71
51 643 712
57 350 410
49 1860 1965
7 0 7
90 497 591
44 1134 1225
29 0 30
13 521 542
67 1276 1387
22 1209 1269
60 1910 1997
66 1002 1076
15 578 606
61 645 728
92 427 535
87 10 98
59 1937 2088
48 181 233
56 1275 1355
48 1075 1142
48 909 990
80 1088 1173
17 16 34
41 1449 1556
21 450 485
48 426 479
45 868 938
63 184 253
55 1033 1108
23 861 910
40 568 629
46 74 126
57 1279 1350
80 294 385
61 0 61
95 738 835
96 683 808
88 622 729
59 909 989
47 404 473
41 930 1002
55 1394 1482
47 741 798
32 1673 1714
100 1088 1204
51 1124 1190
51 1425 1517
45 1154 1241
53 1290 1398
6 207 220
54 1321 1392
35 963 1016
67 1093 1201
58 115 175
43 402 464
85 0 89
50 418 475
64 0 65
65 348 418
54 96 154
34 607 641
94 1121 1263
45 0 45
15 0 15
54 0 56
56 1062 1134
27 380 411
61 1081 1192
63 1678 1754
96 90 193
30 234 266
52 1236 1322
63 607 680
66 1069 1188
71 835 946
70 853 958
26 95 126
21 132 157
44 199 247
35 226 271
70 657 745
45 175 224
61 1032 1134
68 429 517
6 570 584
24 885 945
63 391 473
51 930 1007
46 1808 1920
68 1555 1667
26 1787 1815
43 739 811
70 577 670
15 186 202
89 398 495
57 1261 1319
40 1497 1556
92 1498 1608
87 680 791
17 616 637
35 0 35
42 1180 1266
50 504 575
59 638 725
71 1866 1938
44 763 833
5 45 50
57 816 878
49 1580 1688
51 0 51
29 1257 1334
18 576 597
50 277 332
46 50 100
44 1368 1444
64 423 490
55 942 1045
96 1110 1215
24 1456 1485
12 937 976
71 362 443
23 801 856
8 1086 1125
33 978 1022
57 635 715
66 0 69
95 400 506
51 595 669
99 0 99
94 583 706
42 670 740
96 559 684
6 1010 1053
24 687 743
42 128 177
44 451 499
64 456 539
32 176 209
64 385 468
93 433 546
15 1096 1128
81 0 82
71 115 187
62 1269 1364
49 142 194
43 1349 1398
27 0 27
67 1246 1343
