200
57 1193 1254
15 631 655
99 1429 1562
58 915 981
97 397 499
95 2281 2436
27 1069 1147
65 2509 2620
14 487 513
11 454 471
27 1135 1178
81 924 1019
85 1414 1525
61 2076 2180
70 626 704
58 348 425
49 888 941
54 1869 2012
41 2032 2100
67 203 283
40 128 173
43 551 620
49 982 1046
86 1053 1156
40 1358 1403
59 1662 1735
26 2541 2651
63 480 548
41 0 42
45 847 935
66 1928 2013
91 604 720
93 0 97
25 1076 1141
80 922 1044
47 1109 1168
51 1419 1518
61 95 163
90 751 872
51 444 497
70 1029 1116
40 80 125
91 42 134
40 0 42
32 1328 1367
56 1533 1592
71 0 74
70 1719 1866
23 1453 1482
9 1667 1747
60 205 267
46 1506 1602
58 2023 2104
56 0 57
68 1615 1739
85 1221 1320
51 1137 1198
47 976 1057
46 20 67
45 823 890
53 480 542
49 1415 1533
93 8 106
56 0 57
26 225 257
17 2545 2600
27 20 49
12 1572 1617
92 24 121
68 1280 1370
71 1346 1444
25 0 26
25 330 366
8 248 257
66 1442 1533
17 1616 1649
17 1392 1467
55 2554 2701
48 1483 1557
50 1285 1391
41 1825 1892
33 1124 1178
42 229 281
57 571 633
34 1664 1756
71 702 799
47 1260 1340
58 0 59
48 1373 1480
41 496 545
45 1730 1799
97 516 640
66 113 183
56 505 563
31 0 31
82 709 805
44 2492 2571
53 2463 2629
7 1665 1736
95 1857 1976
16 234 250
98 661 786
96 427 540
31 0 32
90 2388 2539
66 88 155
42 0 44
54 712 773
35 0 35
71 1050 1122
7 2178 2279
30 479 515
10 0 10
101 323 444
36 542 596
59 874 963
95 167 272
6 28 35
70 75 146
47 0 48
67 648 739
18 896 917
33 1687 1763
67 107 180
85 400 499
40 914 995
71 1444 1570
101 695 822
54 1355 1431
51 2588 2688
40 671 719
12 481 500
36 670 710
7 804 846
10 178 194
57 782 852
47 1240 1325
56 1014 1080
67 2073 2203
15 1976 2081
65 24 89
59 428 504
63 967 1053
56 137 201
92 2258 2362
65 753 823
58 2467 2618
56 1497 1586
62 0 63
66 1531 1606
57 570 657
66 1273 1353
29 296 339
40 1757 1834
51 0 52
61 540 624
9 823 866
100 1590 1694
69 167 240
21 1029 1069
57 167 231
52 791 878
57 1355 1481
6 1696 1757
57 229 296
23 881 914
50 0 50
69 891 986
56 724 781
51 1417 1513
47 191 241
71 1489 1631
58 192 252
44 120 168
41 1381 1461
55 1467 1546
45 2376 2495
94 0 98
97 0 97
29 1376 1466
41 1403 1488
70 1039 1126
67 814 888
56 0 57
10 1079 1111
89 1572 1730
61 24 87
29 503 532
12 1666 1729
67 1478 1558
27 2256 2379
5 327 342
24 1897 2011
68 803 913
70 1549 1680
69 2297 2366
101 1584 1738
67 1677 1813
43 1463 1554
40 1056 1126
