250
51 397 459
98 784 895
86 0 90
92 428 546
64 180 244
44 567 637
20 1528 1579
43 189 236
49 471 523
60 471 551
86 1613 1699
60 3082 3180
14 0 14
23 1111 1174
41 961 1047
33 1983 2083
62 0 64
70 2109 2232
71 2428 2528
62 2045 2130
64 97 161
65 402 489
65 1325 1459
71 924 1021
67 1696 1798
65 0 66
50 1117 1183
95 769 873
95 390 507
26 1575 1666
84 498 590
34 152 186
30 643 675
68 1536 1660
45 690 762
86 264 366
22 0 22
16 1694 1746
6 2918 3066
55 837 900
16 505 546
33 2380 2514
59 2880 3033
62 0 62
61 0 63
9 1126 1179
49 531 585
66 1744 1872
68 1330 1456
101 33 139
84 560 662
47 0 48
12 988 1025
59 153 221
63 2045 2149
30 3245 3364
57 0 59
94 1528 1639
24 358 395
83 1547 1702
60 180 251
13 787 832
44 3090 3273
47 928 990
44 2029 2114
98 0 99
97 1397 1549
8 392 419
23 1332 1393
58 955 1044
57 1583 1642
41 0 42
68 1487 1629
61 495 566
26 1137 1176
99 970 1091
58 3132 3292
61 0 63
69 0 71
54 1591 1679
49 1819 1929
81 0 81
65 1617 1724
35 1438 1522
89 1808 1940
42 0 44
53 1259 1370
10 671 702
50 1922 2026
23 1670 1710
66 0 68
14 711 755
62 1315 1417
56 708 788
84 983 1084
52 0 52
34 365 402
70 327 414
33 1935 1995
52 0 52
45 0 45
55 0 57
64 489 558
47 1844 1959
46 1585 1680
60 2921 3071
53 0 53
69 456 527
50 0 51
68 810 909
36 458 507
20 0 21
86 1549 1712
68 761 838
56 1876 1992
46 260 321
46 860 951
44 1879 1944
44 946 1017
69 1505 1592
48 583 633
60 0 61
28 0 29
25 1261 1310
32 1814 1916
91 0 91
46 2067 2216
81 0 84
20 984 1045
28 2872 2938
85 100 188
61 2946 3143
20 704 734
62 807 872
65 0 67
40 0 42
68 0 69
6 878 899
86 953 1055
50 1874 1961
62 1596 1733
41 0 41
66 2109 2274
65 1668 1785
99 0 102
23 2096 2221
20 159 179
70 1333 1418
43 1317 1385
64 1367 1479
57 1609 1708
11 420 443
85 2947 3042
42 0 42
50 1458 1576
57 727 799
71 497 591
71 1878 1983
49 2592 2696
12 0 12
49 1108 1158
68 1803 1905
49 0 50
23 34 57
50 367 421
68 747 852
13 2651 2735
95 0 95
36 0 37
66 2104 2229
68 717 801
82 1384 1504
62 2405 2475
68 726 795
66 1656 1776
16 0 16
14 1383 1399
44 0 44
59 0 61
41 1458 1550
25 1602 1698
19 3028 3159
66 0 67
55 1920 1991
62 1026 1129
47 0 47
64 147 215
11 2082 2182
51 767 849
71 1261 1373
47 1162 1246
62 471 533
49 5 56
45 1214 1278
85 0 89
91 335 440
45 1250 1310
28 1525 1600
66 2205 2292
49 2125 2208
82 1247 1347
69 622 722
70 1382 1462
31 563 622
82 3014 3174
100 182 285
85 1366 1494
57 660 723
48 0 50
34 896 957
7 1800 1834
51 1526 1643
65 191 267
71 918 1004
67 264 333
49 3090 3172
33 1214 1258
36 1101 1144
32 109 144
55 0 57
62 886 988
27 0 27
91 3281 3442
55 478 539
22 1549 1623
97 940 1047
27 250 289
13 69 86
44 866 941
60 0 63
59 690 766
69 1845 2001
60 894 991
14 3030 3089
66 703 803
11 4 15
18 0 18
62 0 65
63 844 937
62 2336 2465
47 0 48
65 296 372
88 857 955
41 3128 3184
89 1503 1636
48 1339 1408
62 903 997
40 2099 2236
43 3252 3404
35 995 1036
