300
30 2359 2445
62 1886 2036
56 2583 2650
65 484 553
64 3873 4023
35 0 36
13 235 248
71 1763 1877
34 0 35
14 0 14
65 3070 3205
35 1202 1244
45 1009 1102
31 773 830
60 1121 1233
69 1800 1907
60 0 60
24 338 373
42 2086 2137
40 841 921
35 2218 2357
22 2077 2156
6 1149 1157
56 0 56
53 0 54
54 1713 1839
15 1228 1252
69 0 72
6 3125 3196
56 1204 1311
29 576 607
61 38 101
61 876 962
40 3380 3551
58 0 60
85 155 241
70 0 71
10 2837 2894
59 2122 2204
65 2441 2601
47 0 48
27 0 28
30 2463 2535
61 2495 2646
64 3298 3431
54 381 439
70 921 996
67 0 67
44 3699 3834
90 1081 1180
70 454 540
15 1629 1682
81 0 82
92 1020 1135
67 1557 1648
40 704 771
35 1260 1343
101 242 348
41 1361 1409
53 154 217
35 1401 1463
28 0 29
58 714 785
46 0 47
53 3187 3318
41 0 41
22 383 408
85 2137 2224
42 3227 3393
92 3845 4111
60 369 434
50 0 50
53 2532 2613
35 0 35
65 2948 3125
86 2180 2313
46 3039 3193
26 656 702
70 0 70
21 0 22
43 0 45
81 2222 2373
90 0 94
62 1005 1106
31 0 31
51 1185 1237
88 0 91
56 0 58
8 347 367
83 0 84
70 1170 1293
43 1221 1306
43 424 477
71 2482 2637
34 238 282
47 2284 2423
42 0 44
46 815 879
48 651 703
44 2490 2625
64 184 260
9 0 9
93 0 97
61 1059 1142
88 1118 1247
58 930 1030
82 2134 2261
26 2456 2509
41 3895 3954
100 1051 1198
58 264 327
44 962 1023
8 1591 1624
47 0 47
57 3857 4027
44 1105 1162
14 1379 1447
17 2941 3063
17 113 136
71 1895 2038
43 2380 2535
60 2116 2215
24 1449 1484
62 194 260
60 0 62
95 734 840
59 231 301
93 1582 1715
71 0 71
14 2180 2262
64 2641 2721
42 779 837
50 1653 1770
51 187 242
29 1988 2112
71 3238 3338
56 957 1019
89 2225 2418
40 927 1015
62 1627 1718
9 871 902
44 876 953
10 2317 2394
101 3245 3375
46 0 47
36 0 36
97 2383 2582
45 0 47
60 56 118
22 1806 1856
61 1350 1425
49 1875 1992
66 461 527
43 1120 1185
51 2515 2601
65 904 1002
60 1598 1718
68 457 542
63 368 451
22 2319 2411
41 1279 1377
64 2432 2576
23 0 23
80 1471 1584
71 3374 3609
36 2403 2457
7 1532 1580
48 3028 3091
25 1541 1567
40 69 113
71 1998 2081
31 678 733
51 587 646
12 3422 3511
49 1093 1168
60 1561 1651
70 1672 1781
80 2518 2629
33 1643 1705
40 0 40
63 2204 2298
15 2988 3132
54 2013 2135
89 2214 2317
57 0 58
41 3547 3725
96 518 627
18 3029 3057
49 0 50
90 0 94
86 815 937
49 292 356
19 3276 3403
70 212 283
83 0 87
27 199 226
58 1545 1660
82 2254 2341
50 2257 2348
53 2418 2483
41 335 376
65 3242 3417
58 1195 1313
15 3013 3070
45 2458 2598
30 115 151
23 2310 2411
42 724 768
56 208 273
69 145 223
45 0 45
36 0 37
51 0 51
51 2868 2943
30 0 30
84 1327 1412
45 1008 1087
51 1318 1423
23 1057 1130
62 326 389
57 2223 2282
46 1707 1821
51 362 424
56 699 773
99 0 103
44 1428 1515
55 205 270
52 1487 1586
82 0 82
19 0 19
84 2075 2210
71 319 401
23 151 175
59 0 60
53 2787 2865
8 691 706
97 2884 3003
65 1826 1980
88 2788 2911
9 0 9
64 3687 3761
18 1820 1843
58 87 147
60 2129 2218
69 2573 2728
27 1446 1505
68 2572 2664
62 2177 2292
48 846 902
71 2518 2636
8 2343 2434
57 274 334
70 0 71
19 2002 2072
101 1300 1421
53 183 247
99 0 102
51 3255 3366
5 575 591
101 237 352
51 2527 2698
87 2434 2565
18 1293 1343
90 2992 3165
58 3699 3782
70 1100 1174
61 2221 2354
55 2384 2555
49 1954 2036
49 3 53
40 397 439
56 976 1063
61 0 62
57 2475 2550
41 2790 2910
53 2698 2803
44 2646 2763
92 265 374
16 2127 2180
24 0 25
21 0 21
89 2102 2224
40 2539 2600
80 3062 3204
55 687 771
66 610 686
69 2438 2510
42 1196 1264
42 0 42
29 0 30
51 2170 2247
100 0 102
48 2198 2346
40 0 40
27 0 27
82 1270 1367
6 1742 1809
43 1375 1425
68 1888 2011
66 1018 1134
