350
62 2646 2828
58 0 60
40 322 379
55 2828 2917
57 313 376
80 0 83
81 2032 2127
64 2434 2526
80 1424 1509
14 1470 1509
88 567 666
26 2433 2508
99 1039 1173
22 2886 2950
63 2775 2900
60 192 256
60 2789 2897
68 0 69
44 4343 4497
55 0 55
46 1340 1390
17 2293 2327
41 3782 3923
57 3635 3720
11 607 648
52 1242 1330
28 2209 2295
82 2352 2518
48 2669 2722
42 771 837
61 0 63
40 2834 2961
94 556 671
53 2712 2812
59 3916 4027
87 2077 2263
48 0 48
11 0 11
8 1645 1674
53 0 53
27 0 27
54 3000 3147
46 2411 2474
49 3758 3841
50 961 1016
44 1510 1627
67 0 67
21 2923 3001
55 3394 3519
63 2208 2372
62 0 65
71 699 796
60 0 60
18 658 692
13 1845 1884
5 2237 2329
42 1896 1974
5 234 249
26 1117 1176
68 999 1106
14 0 14
55 1399 1516
95 1851 1998
80 1186 1274
46 0 46
49 1315 1432
67 3325 3560
22 30 52
9 1837 1850
9 774 802
70 1499 1602
41 0 43
48 1968 2038
51 1296 1410
63 1034 1110
44 1118 1215
51 1742 1864
43 0 45
51 0 51
27 914 969
89 2487 2624
64 0 66
48 0 49
35 2176 2256
7 442 471
25 2504 2593
95 2289 2404
11 0 11
35 826 876
43 3943 4087
68 1314 1397
101 3688 3884
94 1478 1643
5 836 867
85 1 89
46 0 47
18 4244 4475
65 2281 2367
49 649 705
83 0 86
40 1102 1175
43 141 193
26 413 441
21 608 644
71 2500 2667
45 2326 2415
44 0 45
69 2145 2238
83 2407 2585
6 874 892
46 328 376
58 1724 1828
33 1038 1101
29 517 566
58 1741 1873
7 1948 1995
9 1509 1581
53 1789 1857
40 1398 1452
59 1800 1903
71 1341 1438
52 4018 4156
62 0 64
45 247 295
81 1157 1295
49 822 896
58 2513 2640
57 0 58
70 2263 2446
8 0 8
33 1503 1605
81 0 81
51 1608 1704
48 4189 4315
12 2173 2205
42 818 882
46 2283 2349
33 1615 1688
92 2229 2404
26 72 102
55 0 57
36 2111 2158
53 0 55
83 3854 3951
35 0 36
46 973 1067
64 1339 1441
22 521 559
88 0 92
32 0 32
70 3834 3909
63 0 64
64 2366 2515
44 584 642
40 2668 2821
44 414 466
70 60 131
50 709 762
46 2241 2390
48 35 87
43 2564 2712
50 1797 1890
54 353 415
63 892 970
9 1996 2013
67 3698 3782
58 0 60
60 2331 2395
69 1619 1695
51 2716 2808
59 931 1014
70 1447 1542
91 2871 2982
65 0 68
61 1526 1658
43 304 362
49 0 50
31 2588 2639
17 4300 4341
63 3823 3936
34 0 35
96 2171 2316
14 1622 1648
6 1880 1956
42 0 43
19 49 68
18 0 18
69 1701 1804
44 2073 2215
67 816 919
48 2136 2195
48 115 165
54 0 55
55 1100 1170
83 572 674
91 0 93
56 2341 2436
70 1675 1759
65 1791 1878
53 3888 3949
52 1449 1506
17 1062 1100
63 0 63
47 1968 2047
57 2426 2590
44 879 924
55 1960 2021
6 0 6
23 3669 3716
68 2850 2935
65 733 814
49 1277 1344
41 446 492
51 862 953
71 0 73
15 1796 1822
47 2620 2699
80 1256 1370
55 1952 2025
56 1026 1112
48 3785 3894
70 582 681
16 0 16
46 0 46
44 3660 3847
71 1317 1441
57 1914 2069
20 2130 2177
32 2229 2274
55 1827 1975
71 1288 1386
50 398 469
51 749 826
81 4307 4541
90 2792 2883
97 2973 3156
44 3462 3550
28 0 29
86 1714 1823
87 2199 2392
19 2012 2083
26 0 27
86 2508 2634
42 142 185
52 291 357
57 2478 2555
45 0 47
22 2088 2120
95 3348 3472
40 4018 4153
34 1010 1092
67 357 440
52 0 54
15 0 15
34 260 295
101 1208 1352
53 155 213
53 454 514
63 3587 3727
61 2614 2777
11 1892 1914
56 1852 1920
88 0 88
29 1178 1218
65 1084 1200
48 1927 1993
100 1977 2108
62 0 62
51 0 51
60 1332 1425
90 2392 2559
52 2131 2228
55 0 57
88 3717 3814
56 0 58
44 2071 2171
9 0 9
16 1654 1671
33 810 879
60 1058 1154
24 2046 2154
41 1759 1808
59 0 61
47 862 948
58 0 59
53 245 312
54 2801 2914
52 68 121
96 2645 2762
88 2925 3017
80 4284 4522
90 563 669
5 2462 2588
90 2823 3002
90 4338 4569
82 2002 2124
34 144 184
69 873 977
57 1538 1636
16 0 16
40 2291 2355
53 0 54
63 2141 2281
19 2018 2112
42 2936 3125
12 1073 1114
55 0 56
68 0 69
65 118 184
34 1072 1106
65 1941 2054
65 0 68
53 0 55
101 1396 1502
64 1975 2044
101 3542 3721
41 1314 1369
91 2349 2561
47 416 464
23 0 24
48 2762 2837
24 361 395
99 688 797
28 766 833
40 2094 2144
29 0 30
5 2726 2753
10 2295 2308
52 0 52
65 2726 2823
12 1221 1257
57 960 1031
87 92 179
33 20 53
63 1289 1369
44 56 103
24 2745 2798
43 2102 2214
85 358 456
40 17 59
50 2675 2838
68 0 71
66 817 892
17 1472 1563
56 0 57
42 2625 2790
64 1481 1569
58 2253 2362
56 1323 1429
46 28 74
