400
31 1850 1932
24 933 990
49 724 795
63 2698 2762
45 4311 4529
66 2067 2197
41 4419 4480
70 3193 3414
58 1191 1260
33 170 213
17 5122 5368
18 0 18
63 0 65
62 2859 2951
93 960 1088
67 793 901
48 50 101
43 2313 2369
57 173 235
33 4976 5129
61 2557 2629
45 339 401
52 1915 1973
100 4366 4628
30 5064 5206
22 4534 4676
88 0 89
66 1606 1754
15 1732 1768
14 0 14
44 3112 3257
60 0 60
67 3361 3452
48 2307 2360
68 3235 3329
29 1950 2039
54 2986 3181
59 519 585
47 5154 5348
23 2343 2456
44 0 44
68 0 68
63 2212 2326
93 744 868
101 412 533
27 452 481
43 3268 3394
7 101 112
44 1724 1772
92 1837 1951
83 2481 2594
32 1616 1664
62 1278 1364
27 0 27
91 3997 4263
64 1553 1663
14 3330 3446
48 529 579
67 3759 3953
52 2960 3085
8 419 433
81 359 455
57 1208 1313
55 2339 2484
64 399 471
61 3563 3758
89 962 1076
47 4810 4988
40 2025 2074
66 607 694
51 2003 2150
22 1139 1195
60 4841 5010
71 0 73
63 0 63
63 971 1044
51 3434 3577
58 2864 3011
58 126 190
99 0 101
36 981 1035
12 1788 1815
88 358 465
53 2331 2470
32 4365 4581
81 2998 3101
59 4163 4429
41 1788 1910
63 4262 4505
62 2402 2523
47 1379 1439
52 444 501
56 2778 2944
90 3328 3447
50 3253 3426
63 4962 5032
16 0 16
94 3269 3375
71 1639 1762
57 3287 3471
41 225 274
21 1541 1596
48 2501 2597
25 1147 1230
58 0 59
42 1297 1342
36 1882 1956
6 927 965
55 5107 5328
62 4970 5254
29 0 30
60 2323 2404
59 1857 1954
31 1238 1269
32 208 242
51 4878 5016
48 3798 3953
49 2001 2148
27 934 993
43 472 526
83 1635 1735
55 2062 2143
40 1172 1260
55 1479 1556
63 3079 3178
57 2645 2833
64 0 67
58 3468 3604
68 686 770
62 486 565
90 4046 4293
87 0 89
66 0 68
46 1720 1845
66 1214 1286
60 2192 2346
61 202 275
52 186 243
61 4046 4154
50 3106 3198
40 3017 3103
95 3956 4244
88 640 747
40 919 989
61 1373 1436
14 1317 1364
24 1575 1641
41 645 702
95 0 98
68 5098 5322
97 1734 1847
13 2263 2385
26 0 26
89 2185 2285
55 1747 1852
50 194 255
47 3543 3741
31 28 59
48 5233 5446
55 813 872
49 421 490
94 2099 2257
28 3280 3319
91 3188 3309
59 166 235
32 863 912
51 0 52
86 0 87
58 3217 3311
94 1039 1166
46 303 354
47 1000 1093
68 1267 1346
98 4717 4861
14 1529 1557
43 2445 2601
68 2681 2825
6 1838 1873
85 2468 2629
67 240 321
70 599 685
66 1060 1166
62 1343 1424
69 5002 5218
47 1530 1577
82 775 867
48 961 1023
55 1091 1185
9 3671 3799
64 4472 4656
64 1941 2073
35 2328 2435
51 2751 2928
45 3327 3427
59 1911 2054
49 2914 3015
95 2003 2126
66 1104 1196
70 640 738
66 1715 1814
59 1149 1260
52 1633 1757
26 623 665
16 1556 1646
29 1860 1899
66 3935 4036
24 1415 1485
22 3018 3176
82 2508 2622
80 4081 4277
21 1354 1433
21 935 981
64 921 997
61 0 61
60 975 1071
65 2922 3094
57 0 57
42 2544 2630
63 936 1040
63 3318 3441
21 2079 2101
57 0 58
55 826 923
63 0 66
42 495 561
26 2690 2735
62 3309 3529
42 2594 2661
45 3011 3208
93 2143 2310
69 2276 2416
12 1681 1723
54 1401 1455
31 4847 4915
89 0 92
35 664 719
60 3368 3489
54 1145 1218
70 1091 1179
69 1265 1392
17 1246 1303
85 653 761
55 1334 1396
51 0 52
48 0 49
12 422 436
62 2969 3051
47 2824 3009
59 2444 2510
41 1112 1167
64 3311 3437
66 2418 2520
56 920 1017
80 252 332
68 2320 2393
56 36 95
87 0 90
91 1864 2014
69 2602 2798
92 51 146
36 2335 2379
7 1451 1499
68 449 530
18 3652 3712
15 3262 3414
17 3025 3073
8 765 811
13 1024 1068
6 3111 3233
99 0 100
10 2906 2931
22 1349 1410
65 490 572
48 3244 3352
70 592 691
84 346 435
35 2709 2779
58 3110 3174
71 1809 1965
65 852 941
71 1571 1656
68 2 71
62 2213 2341
27 1096 1179
19 559 586
91 1520 1647
97 1982 2133
49 2138 2244
57 2365 2497
101 3437 3701
16 79 95
56 827 883
54 1045 1134
29 3264 3352
44 1853 1939
68 3149 3358
65 3506 3651
46 1729 1781
66 0 67
19 1434 1456
46 1737 1815
55 4109 4297
25 477 505
63 1524 1606
24 3103 3151
7 0 7
44 3140 3228
27 1568 1596
35 0 35
54 774 848
6 4279 4477
45 3213 3411
55 4651 4771
56 977 1045
31 4756 4928
25 3769 3952
12 346 368
60 835 930
48 2648 2758
42 3647 3792
71 2717 2894
71 5020 5201
31 1642 1694
50 248 300
61 1806 1875
67 2422 2499
51 0 52
22 2048 2170
101 3308 3445
71 3201 3416
34 626 682
92 2631 2794
82 3790 3910
42 2244 2377
10 502 536
9 382 410
66 1612 1707
57 656 740
60 238 307
53 2907 3035
100 3663 3825
40 1355 1429
95 3394 3637
80 2774 2996
34 3849 3973
26 7 34
84 110 202
42 0 44
51 1831 1926
16 117 135
14 3863 4035
14 3222 3394
41 4030 4114
62 1527 1663
50 0 50
61 763 845
19 623 650
81 2689 2855
43 5126 5181
40 15 56
57 504 586
81 415 513
98 1347 1465
42 3406 3453
71 777 863
13 1506 1576
32 923 970
70 3290 3524
65 2458 2600
90 94 190
33 2639 2698
65 2869 2999
53 0 55
69 1058 1174
50 1079 1150
65 202 273
49 2570 2638
30 2141 2239
43 381 436
68 0 68
48 0 48
82 2497 2619
54 946 1014
97 3141 3279
48 2703 2818
28 1630 1679
34 2855 2985
7 0 7
40 3203 3314
48 1628 1693
67 962 1079
49 2672 2851
87 731 832
62 1206 1272
51 2969 3148
50 1857 1927
21 3044 3207
70 1481 1582
60 3222 3379
80 1675 1813
