450
67 3488 3575
88 0 92
32 5136 5215
51 1221 1328
9 0 9
55 5736 6072
88 494 594
64 0 65
35 561 596
61 5645 5784
60 2643 2777
45 2219 2270
43 494 553
50 0 51
65 3522 3708
9 0 9
59 2733 2832
69 923 1033
42 0 42
21 3722 3835
8 3402 3435
49 320 382
43 3016 3125
64 3203 3337
41 2816 2864
40 1075 1138
30 0 31
59 1381 1489
8 4453 4592
91 2637 2738
51 0 52
63 4156 4368
10 1165 1203
9 3295 3372
29 3492 3531
95 3696 3858
65 328 404
46 3078 3135
98 1558 1685
95 4436 4563
46 750 799
95 1588 1717
66 2443 2531
101 950 1052
10 0 10
63 0 64
68 715 811
56 1956 2027
85 838 946
45 3439 3587
94 4786 4965
13 3050 3179
40 2809 2923
68 0 70
67 5787 5895
54 3683 3920
92 1654 1822
60 2600 2784
11 3177 3263
95 1078 1216
51 4364 4503
52 2317 2439
43 312 362
89 1990 2114
42 2839 2944
89 954 1054
63 3064 3201
15 0 15
87 128 219
17 3037 3071
63 0 63
59 4881 5041
53 103 156
48 5089 5170
36 1223 1266
48 1361 1427
67 2589 2672
28 2192 2222
26 3075 3128
61 158 226
6 1493 1540
68 2235 2392
64 2170 2339
23 0 24
55 0 56
51 1587 1712
25 3715 3873
5 0 5
60 1634 1707
45 0 45
43 3303 3491
51 2139 2210
45 2727 2892
16 90 106
82 10 94
49 5451 5555
89 0 91
8 314 323
50 3913 3989
85 345 434
97 3082 3257
56 3351 3486
36 260 310
65 0 67
41 1936 2045
49 2991 3190
64 853 960
9 0 9
58 3757 3886
56 5308 5446
40 0 42
53 3462 3571
84 5631 5721
69 811 880
26 2319 2390
40 3359 3565
81 90 179
40 3241 3364
60 1897 1992
46 2737 2824
42 2748 2829
96 0 99
50 1115 1206
80 0 83
53 3876 4120
57 0 58
91 687 812
63 4494 4640
80 1970 2116
16 1391 1415
57 0 58
31 0 32
8 0 8
42 3321 3369
90 1903 2074
64 2330 2499
57 788 877
35 113 154
8 237 257
52 751 832
49 0 50
69 1843 1928
57 2614 2707
54 0 55
52 663 744
89 5354 5609
70 790 860
18 3304 3362
6 835 865
50 492 553
65 1199 1322
29 4595 4677
52 3646 3748
56 5400 5478
69 5683 5897
31 93 125
53 5588 5755
5 74 80
54 3448 3577
58 1006 1075
44 1827 1918
45 3633 3861
21 2387 2463
35 4930 5191
58 1878 1946
35 292 329
92 0 94
55 233 296
95 234 344
64 1667 1773
87 1952 2098
67 260 338
51 776 833
43 1526 1641
93 4691 4987
42 2490 2634
27 2732 2857
43 1364 1473
57 0 57
80 1982 2092
51 4063 4135
12 1115 1181
12 5404 5583
8 0 8
68 0 70
101 96 197
86 1273 1422
100 2680 2819
57 0 57
35 2633 2737
10 3533 3648
71 277 361
63 1404 1507
55 2136 2292
26 0 27
101 5792 6184
70 0 73
35 374 409
47 3661 3731
86 4214 4325
64 3624 3865
88 2297 2482
81 2314 2456
57 129 192
15 1828 1892
54 3274 3417
47 0 49
67 4716 4924
63 3342 3569
16 1736 1816
69 1938 2009
33 2482 2569
80 2149 2257
70 5175 5322
46 0 47
15 659 703
65 0 68
62 0 63
91 2392 2544
56 1437 1523
48 2618 2788
13 5261 5373
42 0 43
69 1822 1943
58 3388 3566
61 0 63
42 2680 2762
69 1956 2124
49 1616 1747
18 4399 4588
21 1493 1543
8 4283 4363
47 2735 2920
23 1340 1385
30 2579 2628
48 3070 3255
55 5258 5419
20 4896 5075
65 733 832
8 5257 5398
33 3773 3889
18 3517 3665
35 3568 3656
16 1929 2019
34 3206 3255
45 1953 2052
44 3203 3310
55 2603 2741
29 0 30
40 0 42
63 0 63
62 276 347
32 2977 3131
67 3623 3696
49 1982 2113
22 1557 1585
45 833 880
46 0 46
28 2879 3036
36 5148 5267
96 5735 5895
43 0 43
50 1001 1098
22 4110 4197
50 1755 1873
84 0 88
84 3312 3558
31 2109 2173
63 1484 1592
56 2659 2739
54 2744 2856
16 5843 6105
65 1455 1533
50 2253 2343
97 2303 2450
71 516 591
46 2761 2895
63 2196 2311
5 4985 5207
41 0 42
24 0 24
13 2347 2372
97 3020 3158
96 3280 3402
41 3647 3864
56 1547 1658
67 3524 3646
19 2390 2478
31 793 857
30 171 208
43 1849 1914
99 0 101
43 962 1055
49 1693 1788
101 658 774
56 0 56
42 893 975
54 2980 3170
71 2336 2417
12 598 619
40 2560 2664
58 173 233
27 1891 1920
82 0 84
26 3081 3145
53 3682 3853
57 0 57
63 980 1080
53 0 54
64 40 107
57 959 1028
45 5730 5829
67 693 760
71 3817 4077
59 1601 1698
69 283 364
96 5058 5229
57 770 829
58 3880 3964
100 0 104
69 2888 2972
62 577 666
60 0 60
49 1760 1860
48 3543 3671
49 1273 1323
26 0 26
9 1555 1610
48 5770 5922
20 564 592
89 2807 2943
87 3649 3905
54 409 466
68 632 702
70 3473 3615
53 1757 1884
19 795 818
32 3765 3878
61 3236 3356
62 0 62
91 4471 4772
31 2056 2131
61 0 61
69 580 669
49 0 49
84 0 85
63 4074 4220
45 2241 2302
80 43 123
67 3592 3833
91 3630 3811
67 2607 2765
61 0 61
41 0 41
26 0 26
52 0 52
62 448 516
48 4624 4746
64 0 67
70 0 72
29 0 30
53 939 1008
50 971 1037
18 1910 2021
66 1184 1263
94 0 98
52 394 460
15 353 378
56 1306 1364
70 3080 3284
69 3410 3593
67 0 69
52 685 755
30 3075 3225
65 3744 3899
32 340 377
64 221 290
52 1317 1420
7 0 7
47 2639 2755
69 849 951
60 0 62
36 2818 2989
45 3197 3360
100 2187 2298
42 5139 5405
17 1135 1170
29 2871 3021
59 2046 2204
71 2640 2831
65 36 101
54 0 55
100 0 100
20 1730 1828
51 0 51
53 1258 1346
68 0 71
63 722 802
48 0 50
23 326 349
26 0 26
63 0 65
52 2175 2295
50 4385 4580
52 2763 2827
40 2707 2776
65 1946 2083
48 2823 2916
49 2140 2253
62 2055 2130
42 3627 3836
59 2869 3072
68 3467 3580
5 3566 3615
59 0 59
71 3826 4066
56 0 56
96 4739 4841
24 2272 2392
71 5752 5885
70 107 184
45 687 733
48 328 382
40 394 449
56 619 695
46 3455 3630
67 3309 3404
92 1299 1452
101 1047 1186
33 1837 1878
33 2042 2154
84 0 86
34 1923 2030
14 1701 1782
42 0 44
44 5823 6099
34 1849 1931
48 0 48
98 2038 2168
43 3549 3636
43 1047 1138
85 0 88
34 0 35
11 0 11
63 1141 1227
46 293 341
17 1513 1567
58 0 58
54 3009 3076
54 0 55
