50
97 611 730
46 245 292
55 129 184
12 391 410
64 289 365
56 104 165
49 40 91
6 206 213
40 0 40
62 245 318
45 227 279
63 142 213
16 5 22
28 196 226
81 0 83
62 110 175
32 626 679
58 82 147
63 162 229
67 284 356
64 378 443
48 59 109
66 241 318
48 339 397
26 228 258
58 104 163
71 412 489
45 286 342
13 287 309
27 571 610
80 139 221
96 77 179
40 195 242
56 280 338
82 333 425
55 319 390
14 189 211
42 363 423
94 120 214
50 0 50
62 0 62
65 140 210
49 308 373
55 406 479
31 0 31
29 555 584
92 379 484
57 153 212
53 189 243
14 120 136
