500
71 3082 3298
100 6098 6290
97 2434 2585
49 5989 6146
60 2943 3123
68 3861 4117
55 1251 1339
87 0 91
50 2 52
71 2750 2952
101 5064 5224
24 2727 2816
36 2251 2349
16 3266 3354
54 2803 2907
16 0 16
70 585 678
17 0 17
17 1766 1811
51 588 655
44 3427 3520
67 0 68
85 551 647
56 2965 3023
59 0 59
60 2216 2328
42 2864 2949
101 2908 3114
31 3865 3946
22 2405 2478
65 0 66
43 0 43
68 5842 6191
50 3848 3941
82 4 89
40 298 340
91 3582 3735
47 0 48
14 0 14
48 6233 6463
46 3458 3656
36 4045 4093
36 3437 3562
41 1052 1096
96 3935 4216
81 2596 2729
92 3885 4037
28 1517 1574
5 5917 6075
9 2301 2364
63 0 65
69 3189 3419
97 331 437
68 0 68
69 783 891
47 4883 5046
42 705 778
50 2437 2514
52 0 53
41 904 975
51 1667 1802
17 0 17
47 1814 1930
51 0 53
55 58 116
71 1418 1538
66 2924 3043
62 6357 6439
5 3966 4138
50 2287 2348
14 3087 3255
49 2716 2765
90 2548 2678
91 2689 2895
42 2905 2989
90 5770 6072
20 5570 5837
59 0 60
48 1654 1760
47 405 464
12 0 12
53 3160 3366
48 1804 1941
83 350 446
69 3216 3341
69 0 70
55 1796 1917
13 473 499
49 662 722
49 4122 4288
67 2865 2973
90 0 90
90 1265 1403
63 1120 1185
59 2496 2583
69 6357 6699
71 442 523
56 694 754
5 10 15
86 536 648
31 0 32
49 0 49
68 4194 4347
6 0 6
50 5910 5974
49 872 952
67 606 694
12 105 117
61 1674 1814
101 0 102
57 5663 5728
71 3626 3846
90 0 91
28 1844 1887
81 3549 3712
54 3837 3967
60 2512 2660
45 1610 1711
34 340 378
6 2836 2980
67 2773 2906
89 2853 3027
54 0 55
52 4163 4268
41 0 43
88 651 753
54 2524 2648
47 3365 3438
5 3958 3979
9 687 699
57 3662 3856
44 2528 2575
16 0 16
64 0 65
95 3471 3676
62 3639 3832
42 1065 1132
66 2228 2303
51 426 490
57 4188 4416
55 411 484
60 2875 3017
35 0 35
31 2651 2795
87 2443 2632
51 3594 3816
54 2215 2315
65 6191 6390
60 1342 1468
27 1809 1890
69 2196 2281
69 2083 2170
50 474 534
49 4031 4170
57 0 58
92 1090 1210
15 4663 4830
22 0 23
59 0 61
49 0 50
40 1165 1258
26 0 27
12 0 12
23 4493 4551
13 0 13
57 3697 3796
42 3638 3777
95 0 96
11 3678 3736
61 1667 1785
23 4119 4180
50 2577 2670
67 4768 5025
57 0 57
99 3012 3127
68 0 68
59 3138 3348
84 915 1004
97 3453 3653
50 0 52
49 3182 3366
46 0 47
70 1915 2052
62 0 62
21 2017 2076
101 2443 2582
65 4095 4224
24 3975 4105
58 2998 3196
12 0 12
54 4227 4294
22 683 730
27 2949 3115
23 182 213
85 1903 2011
49 919 1002
33 1201 1260
54 990 1055
29 0 30
85 192 282
22 1954 2007
46 3850 3945
98 4964 5236
70 1585 1722
18 381 415
53 324 381
30 1520 1621
43 1456 1502
62 4459 4744
26 3512 3546
51 2797 2852
70 3310 3511
52 0 54
66 89 161
58 3146 3351
68 2917 3115
66 0 66
53 1892 1987
68 1545 1688
49 234 294
63 0 64
51 743 803
65 3914 4095
64 1895 1997
44 6411 6497
30 0 30
50 2373 2492
94 122 221
33 3713 3928
13 1360 1419
32 3214 3368
9 3183 3249
44 4970 5184
70 3403 3499
57 4301 4500
85 2193 2296
67 2057 2161
50 1058 1161
29 1479 1582
47 1175 1231
34 6337 6472
53 1604 1733
60 1830 1939
18 2866 2994
49 3050 3142
41 0 43
70 774 858
87 2037 2138
42 4420 4584
31 3734 3848
42 4966 5058
18 3356 3492
68 0 69
22 2760 2899
95 5015 5223
66 2915 3111
5 2101 2191
80 3098 3285
25 252 281
71 1811 1919
51 2566 2631
50 0 52
7 4027 4105
61 2983 3165
59 3379 3492
90 119 216
5 0 5
49 1858 1945
59 4124 4252
5 5129 5186
64 4548 4770
42 835 918
15 3827 3913
21 1995 2019
84 2196 2360
52 1804 1919
56 3440 3542
50 3511 3593
43 3672 3723
7 6254 6301
46 5286 5400
22 0 23
44 0 46
94 4100 4397
6 2789 2904
55 3449 3528
30 982 1038
12 2537 2601
47 3734 3885
43 2772 2873
68 2366 2518
47 2041 2118
61 0 61
41 4134 4233
87 887 996
29 0 29
68 1856 1934
43 0 44
68 5162 5288
95 181 279
87 2714 2915
49 1422 1528
45 512 565
85 673 765
56 2083 2243
41 4059 4138
44 0 44
65 1774 1872
49 0 51
45 3528 3634
49 3836 4067
41 4815 5057
81 1345 1480
48 1415 1527
80 6205 6571
44 2496 2632
44 4077 4205
68 1878 2031
98 0 100
26 661 688
31 4986 5139
43 1931 2002
12 2676 2794
55 0 56
57 0 59
48 3682 3849
68 907 991
24 3739 3943
14 1386 1443
48 661 717
83 0 85
56 0 57
6 1607 1614
92 2543 2644
98 1226 1337
50 0 51
48 0 50
59 3556 3624
41 4212 4304
10 413 429
84 914 1008
25 3689 3825
69 937 1006
41 4776 4949
68 0 71
57 0 58
61 994 1072
69 4178 4277
8 837 876
98 629 743
69 4033 4182
59 5543 5649
65 0 68
44 2534 2593
57 3140 3285
49 2634 2785
41 4568 4783
25 0 25
86 1420 1523
45 1606 1721
82 4168 4460
55 3097 3244
94 4279 4552
60 3932 4144
59 138 198
67 0 69
23 2124 2233
55 1787 1855
45 0 46
42 2117 2187
20 324 353
67 1273 1357
10 1072 1116
69 3145 3281
41 5128 5257
68 3299 3495
54 1045 1107
10 1575 1660
46 1643 1764
41 2078 2202
33 0 34
40 2499 2643
94 2805 2979
36 1067 1139
66 2920 3102
42 446 510
13 715 728
49 2639 2712
48 0 48
13 1261 1303
66 1383 1454
52 4022 4160
24 2322 2357
56 75 133
97 875 1004
68 0 71
92 1145 1276
34 1176 1229
25 0 26
85 0 88
50 0 52
52 4818 4939
67 0 70
49 0 51
100 2828 2942
82 1131 1273
27 3645 3708
7 3902 4032
12 2515 2638
99 1835 1993
32 4180 4249
44 172 218
67 2283 2461
70 4169 4288
25 556 584
29 3809 3925
41 4145 4199
12 4080 4232
63 2228 2304
23 0 23
46 1029 1093
95 0 97
64 1825 1948
50 2173 2264
42 3795 3858
53 1753 1830
35 0 36
46 1542 1656
66 0 66
11 2818 2954
49 1142 1195
7 0 7
20 0 20
53 1436 1495
59 1163 1250
45 605 654
59 0 59
44 5918 6192
66 4846 4986
51 3714 3904
70 3198 3307
45 1491 1611
64 0 64
11 1349 1423
56 3784 4016
49 3217 3324
8 3161 3208
18 871 906
42 0 44
33 396 450
61 0 64
43 0 45
60 1630 1708
69 4792 4884
67 813 915
43 0 45
93 0 97
40 2731 2805
20 4292 4386
40 2818 2963
18 0 18
69 5575 5697
94 0 98
70 2526 2659
99 495 619
24 0 24
93 4556 4776
100 4873 5133
36 5795 5899
9 3432 3541
65 1490 1627
28 3355 3460
12 2951 3070
33 3519 3592
65 0 65
86 1400 1512
52 4241 4441
101 0 103
51 5042 5300
47 0 47
28 1812 1848
68 5910 6176
62 1600 1681
50 211 273
86 0 90
64 872 957
70 0 73
49 3586 3680
67 3195 3269
15 2626 2725
43 3209 3388
40 1975 2035
99 2331 2489
41 2617 2688
44 3093 3272
45 3994 4193
66 2828 2916
57 4852 5032
33 5340 5512
41 3902 3992
