100
22 1 33
4 4 9
1 5 6
5 9 16
11 12 28
5 13 20
5 14 20
19 14 41
22 14 45
11 14 28
3 17 21
7 17 26
15 18 37
6 20 28
1 21 22
13 21 39
1 22 23
13 24 42
8 26 37
19 26 48
20 27 56
1 28 29
2 30 32
2 33 35
10 33 46
11 33 48
22 34 64
15 34 54
8 35 45
14 35 54
4 36 41
3 36 40
8 38 49
1 38 39
4 38 43
6 39 47
7 39 48
1 40 41
3 40 44
6 41 49
6 41 48
18 42 66
9 42 54
22 42 74
5 44 51
1 44 45
1 45 46
27 45 81
4 45 50
18 46 71
25 46 82
13 47 66
4 47 52
2 47 49
23 47 80
26 47 82
26 48 84
4 48 53
4 49 54
8 49 59
24 51 81
11 52 68
5 52 58
15 53 74
23 54 88
2 54 56
16 54 75
1 54 55
9 55 68
10 55 68
10 56 69
5 57 63
4 57 62
6 57 64
6 58 66
20 59 85
8 59 69
3 61 65
8 62 73
9 63 74
12 63 80
12 64 81
12 64 79
10 66 79
9 69 80
5 72 78
4 75 80
25 76 106
6 78 86
1 79 80
8 79 90
5 83 89
10 83 96
9 84 97
13 87 106
9 87 99
1 87 88
8 88 99
2 90 92
7 93 101
