150
4 6 11
5 10 17
1 12 13
15 16 36
5 20 26
5 20 26
7 22 31
4 22 27
4 22 27
17 23 47
17 24 48
4 25 30
8 25 35
12 26 43
2 26 28
11 29 44
9 31 42
11 32 47
2 33 35
26 36 72
2 37 39
23 38 70
3 39 43
2 39 41
8 39 49
12 41 56
1 41 42
1 42 43
7 42 51
8 43 54
8 49 58
17 49 73
5 53 59
4 53 58
25 54 88
5 55 62
1 56 57
10 56 70
3 56 59
24 56 87
14 57 76
14 57 74
3 57 61
1 58 59
11 58 71
6 58 66
18 58 84
12 60 76
3 60 63
18 60 84
21 62 91
1 64 65
17 65 89
8 66 77
9 66 79
19 67 90
3 67 71
15 68 89
24 68 102
21 68 95
8 68 79
7 68 76
3 69 73
1 70 71
5 70 77
13 72 91
6 73 81
13 73 88
3 74 77
17 74 99
2 74 76
18 74 100
1 74 75
3 74 78
22 74 106
4 75 80
6 76 84
10 76 89
10 76 90
20 76 103
13 77 96
4 78 83
7 79 87
5 79 86
23 79 113
10 80 92
20 81 106
4 81 86
12 81 98
3 81 85
21 82 112
12 82 97
2 83 85
5 83 90
1 83 84
13 84 103
2 84 86
2 86 88
15 86 106
6 87 94
5 87 94
1 87 88
9 88 100
11 90 105
4 90 95
23 90 121
7 90 100
12 92 108
8 93 104
22 94 124
9 95 107
5 96 103
25 96 133
22 96 127
14 97 116
1 98 99
10 98 112
15 98 119
8 100 110
4 102 107
8 102 113
4 102 107
17 102 127
17 104 129
6 104 111
21 105 130
22 105 134
12 105 120
18 106 132
3 107 111
22 108 140
26 108 145
9 109 122
16 109 132
7 110 119
26 110 147
7 111 120
1 115 116
1 120 121
23 121 151
10 122 136
7 123 132
9 124 137
3 126 130
14 128 148
17 130 153
5 137 144
5 139 146
11 141 155
24 145 180
