200
26 8 46
15 13 35
13 15 33
3 28 32
12 28 45
14 29 48
5 29 35
1 30 31
6 32 39
1 32 33
5 35 42
18 35 60
12 36 52
10 37 49
21 37 64
9 38 51
16 38 60
10 43 57
17 44 67
14 44 64
21 45 75
10 46 60
13 47 66
8 51 61
16 51 72
18 51 76
12 52 67
6 52 60
13 54 71
14 55 75
3 57 61
12 57 73
3 57 61
10 57 69
15 58 80
7 58 67
14 59 78
7 59 69
13 59 77
13 60 75
10 60 74
11 61 75
7 61 71
7 61 70
4 62 67
14 63 82
2 63 65
19 64 90
10 64 77
16 65 87
19 65 92
7 65 75
11 66 79
17 66 91
3 67 71
4 68 73
19 68 92
7 68 76
5 69 75
15 70 91
27 73 113
14 73 91
4 73 77
10 74 86
11 74 87
20 74 98
6 76 84
6 76 84
21 77 105
2 77 79
9 78 91
2 78 80
9 78 90
13 79 95
14 80 100
13 80 95
6 82 90
17 82 105
25 82 117
12 84 100
16 84 104
15 85 105
26 85 122
3 85 88
11 86 102
5 87 93
6 87 95
5 88 94
11 88 102
11 89 104
16 90 112
12 91 107
1 93 94
12 93 107
21 94 120
10 94 107
3 95 98
2 95 97
25 95 131
2 95 97
5 96 103
1 97 98
14 97 115
8 97 108
6 97 105
11 97 112
4 99 103
3 99 103
6 99 107
5 99 105
10 100 113
14 101 120
2 101 103
16 102 122
11 102 117
11 103 117
2 104 106
27 105 143
9 105 118
8 105 115
2 106 108
4 106 111
2 106 108
21 106 136
1 107 108
10 108 120
19 109 136
6 110 118
14 110 128
2 110 112
20 111 137
8 111 122
5 112 119
11 112 126
6 113 120
2 114 116
2 114 116
9 114 125
5 114 121
7 115 125
19 116 143
6 116 124
6 116 124
16 118 138
12 120 136
3 120 123
14 120 140
13 122 139
13 123 141
22 125 155
5 125 131
6 125 133
14 126 144
2 128 130
4 128 133
3 130 134
3 130 134
17 131 153
15 133 154
8 133 144
1 133 134
7 135 145
9 135 147
11 136 149
2 136 138
25 136 173
1 136 137
10 137 151
22 137 163
1 139 140
12 140 157
5 140 146
17 140 163
18 145 167
3 146 149
7 148 158
6 149 157
23 149 179
11 149 164
13 151 169
2 152 154
5 152 159
2 155 157
12 156 172
11 156 170
13 157 176
14 161 178
10 162 175
21 163 188
18 164 190
7 168 176
6 168 176
2 171 173
16 173 195
24 177 209
2 177 179
14 178 197
12 185 201
2 185 187
21 188 215
