450
21 20 49
7 21 31
18 23 49
9 24 35
1 26 27
7 34 44
8 35 46
11 37 51
6 38 45
24 38 68
15 40 61
6 46 53
6 47 54
7 48 56
3 49 52
1 49 50
18 52 75
18 55 81
2 55 57
5 59 65
11 60 75
11 60 76
15 61 83
6 63 71
4 63 68
24 64 99
3 64 68
11 64 79
21 65 94
6 65 73
12 65 82
21 68 99
5 71 77
10 76 90
24 78 113
11 80 94
26 81 114
14 84 104
3 84 87
2 86 88
5 86 92
2 88 90
6 88 95
10 89 103
13 91 109
18 94 118
11 94 109
9 95 106
3 95 99
11 96 111
20 100 128
20 101 128
5 103 110
3 103 107
14 105 125
20 106 134
20 107 134
10 108 121
2 108 110
13 108 126
13 109 127
20 110 139
4 110 115
13 112 129
8 112 123
14 114 134
3 114 118
11 115 131
7 116 125
2 116 118
2 117 119
1 120 121
14 120 140
9 122 135
16 123 146
11 124 139
7 125 133
16 126 145
10 127 141
23 127 157
15 127 148
4 127 132
10 128 140
8 130 141
9 130 142
2 131 133
16 132 155
24 132 164
5 133 139
22 133 163
2 134 136
25 134 167
13 135 153
8 136 146
5 138 144
15 140 160
6 142 150
16 142 163
17 142 165
13 142 159
14 143 162
24 143 173
4 144 149
15 144 163
8 145 156
10 149 163
4 150 155
3 151 154
13 151 170
5 151 158
8 153 164
2 153 155
14 153 173
6 154 162
18 154 178
16 156 175
3 157 160
17 162 187
3 162 165
9 163 173
6 164 171
18 164 190
11 164 177
8 165 175
1 167 168
13 167 186
11 168 182
9 168 180
28 168 209
1 169 170
10 170 184
13 170 189
20 171 200
28 171 203
14 172 190
12 172 187
6 172 179
4 172 176
5 173 180
19 175 203
11 176 192
12 177 192
7 177 187
21 178 203
2 178 180
9 178 190
4 179 184
4 179 184
11 180 195
11 180 196
5 180 186
1 181 182
8 181 192
13 182 200
26 183 216
5 185 191
12 185 201
17 185 206
6 186 194
19 187 212
1 188 189
5 188 193
27 189 222
16 189 210
1 190 191
3 190 194
20 191 216
24 192 227
7 192 202
1 194 195
6 195 203
10 195 206
3 196 200
7 196 206
12 196 213
10 197 210
7 197 206
6 197 205
6 197 205
8 197 208
1 198 199
16 199 222
1 199 200
17 199 222
2 200 202
14 200 217
8 200 211
16 201 224
3 201 204
3 202 206
6 202 210
21 203 231
7 203 213
17 205 228
14 205 223
10 206 219
3 206 209
6 207 215
14 207 226
7 207 216
29 207 245
8 208 219
15 209 231
2 209 211
22 209 240
11 211 226
5 212 219
3 212 216
16 213 235
6 213 221
26 214 252
7 214 223
11 214 227
26 214 248
22 214 242
19 214 241
21 216 245
9 216 229
19 216 243
18 217 239
3 219 223
2 219 221
26 220 257
13 222 241
6 223 230
13 223 239
9 225 236
23 225 258
22 226 256
19 226 251
4 226 231
3 227 231
2 227 229
12 227 241
25 227 260
6 227 234
7 228 236
5 228 235
12 228 244
22 229 261
19 229 257
18 232 258
6 233 240
1 234 235
4 235 240
18 236 262
11 236 251
7 236 246
1 237 238
12 237 253
5 237 244
9 237 249
11 238 253
10 238 252
5 238 245
23 239 270
6 239 247
2 239 241
4 239 244
5 239 246
15 240 260
14 240 257
15 241 262
8 241 252
21 241 271
22 241 273
15 241 262
1 242 243
8 242 253
26 243 277
8 243 254
12 244 261
7 244 253
9 245 255
7 246 256
14 247 266
18 247 270
2 249 251
2 250 252
12 250 266
23 251 284
16 251 272
5 252 258
6 252 260
13 256 275
10 256 270
26 257 294
5 258 265
3 258 262
2 258 260
9 259 270
26 259 296
10 260 274
8 260 270
23 261 293
3 261 265
10 261 275
3 261 265
28 262 299
12 262 279
22 263 292
6 266 274
5 266 273
2 266 268
11 266 279
5 266 273
24 266 299
20 267 292
4 268 273
13 270 287
4 271 276
1 272 273
26 272 308
16 272 294
4 272 277
4 273 278
19 273 297
15 273 294
4 274 279
2 274 276
1 275 276
17 275 299
19 278 306
13 278 293
4 278 283
20 280 309
4 281 286
1 282 283
3 283 287
16 285 308
1 286 287
8 286 297
27 286 324
1 286 287
15 287 308
11 287 301
1 288 289
14 290 308
12 291 306
5 292 299
11 292 305
8 293 303
1 293 294
2 293 295
3 294 298
3 294 298
8 296 307
13 297 316
5 298 304
6 299 307
11 299 315
3 299 302
6 301 309
13 301 319
4 301 306
19 302 330
10 303 316
8 303 314
14 304 322
23 305 337
16 307 328
10 307 319
2 307 309
14 307 327
14 307 325
11 307 323
13 308 327
11 310 325
19 311 337
3 312 315
6 313 320
4 313 318
7 315 323
10 315 329
11 316 331
12 318 335
18 319 345
16 319 342
11 321 336
24 321 351
3 323 327
20 326 353
10 326 338
12 327 343
17 328 348
4 329 334
17 331 352
15 331 352
1 333 334
18 333 358
4 334 339
1 336 337
28 338 377
7 339 348
11 340 356
18 341 367
10 342 354
25 343 375
7 343 351
1 343 344
11 345 359
10 350 362
8 353 364
3 354 358
2 355 357
6 356 364
4 359 364
19 359 383
7 361 369
16 362 382
4 365 370
10 366 380
1 366 367
2 366 368
20 367 393
20 371 398
7 372 381
3 372 376
15 373 394
12 373 390
2 374 376
11 376 390
15 376 397
2 377 379
5 378 385
5 379 386
6 379 387
14 381 400
13 389 407
20 390 415
22 392 419
10 394 407
27 394 433
13 398 415
1 401 402
5 403 410
6 404 411
10 405 418
2 405 407
7 405 414
8 407 418
4 407 412
4 415 420
6 415 422
11 417 430
15 420 440
2 420 422
1 425 426
18 434 458
10 438 451
