100
53 5 74
47 12 94
48 15 90
17 6 30
5 6 11
4 16 23
30 10 49
3 22 27
48 16 74
47 8 63
46 22 108
12 7 22
37 30 91
54 21 100
52 12 71
33 39 80
31 41 87
33 13 67
3 38 52
13 10 30
59 40 122
36 8 46
60 17 79
44 13 72
43 17 72
56 8 78
23 17 56
20 38 75
20 31 68
42 38 90
48 38 118
58 27 135
49 34 92
41 16 87
19 30 72
2 36 45
23 44 73
60 37 148
43 41 119
35 30 65
1 28 42
17 43 71
38 42 110
36 44 128
41 36 85
66 8 85
59 21 121
8 35 62
67 37 150
71 6 93
30 23 78
64 30 136
56 15 109
13 54 68
12 52 102
10 41 53
73 48 189
15 64 108
74 45 181
66 11 92
3 20 24
74 16 119
81 39 183
84 25 159
29 51 90
85 53 193
94 14 147
97 36 197
75 22 129
23 40 81
66 52 171
101 18 173
31 57 94
53 41 145
34 49 126
15 28 47
15 7 27
42 69 161
91 42 149
5 67 106
44 31 104
44 60 110
26 52 95
75 20 113
100 10 163
23 48 75
64 74 212
57 50 157
12 28 45
97 17 173
63 73 144
89 34 160
44 13 87
96 58 177
73 60 154
17 65 99
36 16 63
2 19 22
84 65 223
27 80 138