150
146 7 210
53 14 67
114 33 152
35 45 101
90 48 178
156 8 210
25 20 68
72 40 142
123 32 231
45 15 69
36 50 127
21 50 90
19 36 71
83 28 115
129 66 229
109 72 193
160 43 317
50 23 75
89 86 264
63 72 145
77 68 229
22 63 89
71 111 261
51 109 177
160 96 330
42 139 229
25 61 135
162 34 198
102 39 157
35 96 210
33 94 193
51 68 180
113 24 140
33 43 76
24 159 192
15 94 159
33 128 173
97 58 206
145 86 351
60 95 207
52 46 114
176 101 407
129 144 282
126 106 314
167 120 361
125 50 205
93 148 308
70 52 168
161 22 282
170 156 478
98 130 261
109 35 170
130 87 288
159 100 294
110 102 278
3 42 55
172 26 267
29 185 312
103 123 241
120 79 303
151 125 407
157 183 471
36 41 97
182 179 387
196 61 294
182 9 256
28 106 166
177 198 589
151 185 460
131 70 252
72 15 127
73 158 335
26 50 89
124 66 236
163 111 431
122 169 340
42 193 241
102 218 505
83 220 399
130 224 409
90 252 370
89 113 297
34 223 299
189 239 669
190 16 255
142 233 527
43 130 213
203 99 303
145 122 344
216 275 679
225 260 643
36 85 181
144 298 544
204 191 516
83 306 605
243 335 830
26 220 252
162 171 524
113 129 310
220 172 474
210 225 521
71 330 490
218 99 333
147 147 402
67 74 189
267 159 459
235 126 544
125 30 232
6 133 147
169 334 750
155 22 267
98 348 530
224 219 575
207 62 317
108 111 264
145 100 326
269 264 639
45 25 100
283 316 852
1 280 420
300 122 619
78 258 375
289 340 680
228 288 525
222 312 581
134 118 375
202 212 488
129 76 315
63 46 126
16 304 379
188 223 537
249 79 346
262 106 557
106 298 566
281 9 342
10 163 194
78 264 516
224 63 331
259 308 701
52 213 297
170 57 330
108 130 353
291 111 450
108 271 494
285 182 653
54 205 368
118 281 581
50 286 349
76 184 389
75 362 474