250
94 16 144
88 44 157
71 45 157
95 36 177
80 32 171
77 41 135
68 30 119
97 28 172
64 59 150
39 87 140
92 58 168
40 61 123
25 19 61
64 48 132
68 113 279
55 97 171
63 108 265
74 82 245
81 22 110
106 129 308
53 119 245
26 79 134
17 137 207
5 126 137
63 145 292
113 95 256
122 80 226
27 64 106
66 112 236
13 33 70
77 72 197
25 46 73
103 142 266
76 41 138
73 143 234
71 77 221
89 24 154
107 79 217
60 49 158
22 167 258
22 39 80
84 97 276
58 78 213
16 90 142
25 95 175
61 175 241
100 94 279
121 91 306
76 121 301
12 91 145
107 156 320
93 134 313
121 155 413
134 129 289
110 29 220
23 152 236
7 74 116
87 176 395
29 132 161
40 68 168
40 84 166
6 66 97
130 103 336
38 204 341
3 137 179
72 59 177
101 103 233
131 222 435
53 221 383
92 167 298
41 242 375
94 191 354
46 57 164
27 168 300
128 19 192
121 183 304
93 92 213
30 189 237
83 144 284
114 69 219
50 240 416
57 175 252
70 213 392
90 159 366
10 39 52
15 36 57
38 147 191
45 215 357
105 181 351
48 253 347
79 164 350
145 196 397
91 63 232
32 32 94
32 227 274
30 250 327
3 75 120
63 236 349
53 241 335
76 55 210
27 284 497
33 245 363
33 50 129
9 148 239
33 239 274
57 30 110
11 168 257
71 269 395
35 30 103
157 124 399
3 210 306
85 72 221
118 254 432
79 233 402
155 185 398
71 283 534
20 188 298
48 75 166
89 117 323
81 128 273
121 125 358
21 311 505
87 239 515
160 36 229
82 175 391
91 162 379
119 231 370
27 145 197
129 335 717
63 153 228
46 147 259
25 154 226
66 312 473
6 42 66
175 138 427
176 320 536
110 53 228
107 298 602
86 267 390
105 358 510
162 320 574
56 165 324
185 56 276
108 44 163
98 207 331
64 174 244
174 129 403
124 24 171
99 67 179
60 236 297
104 19 176
135 66 275
25 329 450
96 251 359
14 83 141
116 67 230
183 343 740
24 53 115
192 340 753
99 377 503
108 36 171
125 27 173
203 316 691
43 289 458
45 259 346
197 235 664
188 64 394
59 256 500
115 299 627
4 154 206
112 147 315
65 66 139
78 379 542
110 86 219
31 313 383
222 108 482
59 123 258
24 300 328
181 288 579
136 322 508
49 129 207
132 303 586
126 272 550
171 186 411
18 27 71
210 37 260
225 23 361
211 302 684
162 89 298
119 61 260
231 134 480
56 310 413
40 22 91
128 38 178
128 156 401
131 222 424
8 294 476
203 286 541
209 158 529
114 204 320
77 312 404
59 387 530
253 165 640
202 265 615
130 227 365
252 354 935
268 392 824
5 204 239
174 40 316
270 334 880
23 82 145
143 90 258
179 177 561
92 355 466
51 126 213
177 297 633
122 121 358
276 45 371
32 261 371
94 21 139
86 182 304
223 77 447
299 223 599
240 252 629
289 27 376
250 423 1075
311 43 543
292 404 768
297 373 1053
45 335 530
6 295 464
278 63 471
16 124 160
116 349 663
223 54 391
264 145 645
243 60 308
284 169 480
311 322 829
128 297 565
249 360 949
298 135 626
131 291 564
64 299 535
323 416 769
12 231 364
53 121 230
153 22 218
85 319 611
145 430 859