300
184 30 269
29 59 141
132 114 269
164 108 379
53 35 95
53 85 213
9 127 146
8 144 181
67 40 134
32 83 132
85 73 237
66 157 309
154 193 350
174 191 430
46 176 224
73 184 306
11 107 164
31 188 347
111 184 405
170 211 568
52 94 188
147 73 296
170 49 261
100 251 506
194 274 709
3 257 320
99 328 559
52 250 435
81 90 197
9 272 435
60 118 195
96 326 464
208 306 773
83 103 231
44 375 425
145 140 297
16 223 307
110 427 738
89 490 660
56 222 402
112 362 527
129 196 437
38 69 139
71 302 583
177 73 263
165 469 841
131 401 574
129 411 788
86 305 423
41 287 356
1 194 295
148 128 309
8 80 133
63 279 478
143 419 884
95 440 775
179 74 404
23 199 275
189 275 465
204 539 1128
2 496 515
158 162 477
228 604 1180
121 258 532
18 598 940
65 362 444
110 445 593
210 302 798
16 553 771
181 434 630
136 61 240
23 88 174
105 250 451
246 618 1276
28 464 601
4 675 763
187 479 845
217 392 725
138 221 392
206 442 955
63 502 865
96 478 708
244 657 1057
214 293 562
71 338 654
232 267 618
150 475 943
218 578 797
90 597 1009
104 105 267
72 640 803
245 458 928
224 523 818
56 654 769
188 332 738
171 601 1105
209 362 801
168 338 606
231 427 930
54 99 242
126 396 684
213 219 649
239 431 1024
137 73 210
193 74 361
75 289 370
232 131 448
251 229 609
131 726 1089
238 297 824
135 153 323
192 467 786
163 57 229
105 65 270
104 401 708
262 231 786
147 638 1243
174 574 911
1 688 988
211 657 880
19 482 518
150 783 1481
147 59 225
180 819 1233
103 468 578
167 769 1278
144 799 1478
196 522 1149
54 434 681
187 745 1181
197 734 1197
1 563 899
282 276 734
122 475 800
138 84 287
126 326 556
280 114 468
111 731 1005
143 197 528
153 42 284
175 364 660
227 103 524
273 171 588
18 200 252
275 237 578
61 860 1266
79 855 1123
169 367 828
292 525 982
142 190 495
316 138 526
243 870 1685
344 816 1248
61 834 1314
348 522 980
56 317 391
170 622 899
177 891 1622
318 809 1182
59 946 1342
270 579 1111
203 143 456
291 847 1180
317 764 1185
231 435 850
234 155 402
188 798 1063
132 470 628
192 258 627
171 961 1740
248 263 634
75 237 431
66 753 1251
60 661 1003
280 902 1362
135 834 978
331 354 853
119 450 795
37 365 497
360 429 1199
139 599 1054
284 819 1457
39 202 330
47 605 670
176 834 1439
185 308 564
167 948 1568
154 654 1020
17 267 383
225 869 1477
36 141 243
247 953 1245
219 685 912
117 314 467
208 603 848
375 186 625
338 289 698
294 433 921
389 208 705
285 364 831
307 367 748
282 411 921
278 413 1106
264 277 618
155 620 1084
196 936 1428
388 189 755
426 243 1059
125 193 451
4 423 471
25 667 1064
332 772 1175
279 810 1363
444 150 844
106 461 907
192 456 926
282 992 1740
65 198 416
41 949 1213
273 912 1773
306 519 1129
486 597 1210
91 253 494
22 603 731
165 548 883
352 599 1164
441 271 778
248 348 635
350 551 1134
185 352 608
21 851 1270
96 437 814
138 798 992
402 986 2130
167 550 734
212 1027 1513
64 881 1110
455 1032 2240
233 157 609
476 943 2210
221 940 1335
104 534 715
304 204 748
490 512 1317
273 67 373
452 523 1453
78 194 382
374 281 925
442 988 1602
255 868 1330
474 999 1936
400 581 1043
381 981 1688
539 508 1447
121 408 767
357 317 973
164 983 1326
408 879 1825
8 364 455
440 215 1046
281 787 1086
409 104 728
61 190 361
15 605 801
245 711 1250
368 943 2060
368 275 1024
484 651 1708
424 346 955
341 282 744
195 936 1288
409 1034 2106
379 364 812
62 579 851
485 600 1398
289 1060 1810
390 614 1595
143 68 224
140 589 782
553 482 1161
75 944 1159
171 991 1685
99 1066 1812
275 33 474
380 1077 1543
42 705 1117
583 1090 2001
608 185 941
609 357 1000
162 302 496
231 554 955
462 353 1168
454 323 813
648 688 1624
654 516 1587
650 623 1417
662 1035 2038
32 850 1322
290 360 969
431 538 1396