350
274 9 452
211 41 321
28 97 142
5 157 182
175 185 457
276 349 749
229 233 707
107 397 709
59 422 601
240 349 829
41 593 718
60 528 717
304 737 1169
141 422 678
160 625 821
38 530 617
313 263 858
169 439 857
37 342 511
287 83 426
115 745 1034
84 698 1170
90 916 1022
266 110 550
214 525 905
256 1092 2148
235 776 1154
189 855 1178
21 188 226
337 422 1167
365 708 1101
138 1266 1452
186 198 436
142 831 1337
334 781 1261
106 1422 1699
117 379 544
12 944 1327
177 279 490
388 27 613
329 1063 1800
423 287 1105
118 836 1052
416 861 1785
31 1465 1555
43 1461 1525
42 747 1093
266 1134 1889
359 455 1114
22 1094 1261
165 329 769
393 1668 3016
450 1623 3130
221 1385 1710
284 1764 3268
246 272 651
371 508 939
154 1392 1598
217 1180 1568
346 845 1700
451 489 1214
40 587 972
306 70 535
142 568 1008
26 1157 1449
368 1070 1470
493 576 1471
448 1576 2200
86 1251 2103
448 1046 2279
493 485 1147
296 1915 2228
198 295 639
252 1249 1777
244 614 1213
258 78 475
104 80 288
162 1942 3070
7 1521 2342
60 1512 1810
62 1367 1444
268 1638 3005
334 749 1346
118 1229 1971
368 731 1586
219 1950 2786
19 849 1277
455 114 830
520 943 2337
163 1474 1914
458 929 1529
562 411 1083
188 1414 1622
498 457 1468
89 53 168
215 230 709
39 666 768
265 1718 3143
282 1460 1817
453 443 1026
236 1828 2988
303 717 1242
173 437 759
149 387 754
374 1368 1977
612 1357 2952
199 35 245
459 143 941
517 1880 2958
272 104 450
64 1190 1678
435 1179 1829
594 1206 2646
330 1766 2357
146 2045 3289
145 1125 1539
283 2141 3433
527 25 772
310 556 1107
429 1548 2856
520 400 1219
59 1233 1662
426 2210 3971
606 923 1568
131 1696 2059
596 2152 4125
101 226 451
252 1304 2356
653 2192 3466
198 1806 2244
144 2209 2861
563 560 1728
439 2234 3836
611 2237 3573
284 966 1416
679 994 1992
385 395 1240
568 2410 3727
655 1622 3026
476 1567 2583
725 1622 3146
322 136 723
492 154 783
693 23 907
441 2353 3627
707 1278 2867
582 816 1960
758 783 1679
126 119 390
727 2068 3058
97 2248 3356
153 1046 1897
132 946 1576
454 438 1269
340 224 567
162 2429 2873
381 964 1535
460 1849 3209
22 1284 1867
605 837 1973
341 1387 2758
261 1466 1733
817 52 872
844 334 1561
495 1567 2485
15 1383 1925
42 1255 1571
809 1627 3734
53 389 667
55 453 792
815 508 1603
395 2139 2924
29 2149 2430
550 271 955
709 84 1119
236 2422 4069
854 1731 2610
49 1457 1993
799 1952 3385
36 908 1222
67 2324 2519
176 31 267
409 363 921
640 2467 3290
939 2627 5556
70 2715 3597
102 371 554
901 703 1647
16 1474 1656
515 173 1078
372 2758 3237
406 904 1469
338 1059 2064
811 1972 2804
369 330 907
671 592 1296
844 1786 3609
14 474 613
248 2295 3417
710 746 2235
406 892 1394
863 1707 3786
769 1901 4145
273 1465 2114
999 79 1557
220 2778 4587
309 1830 3213
536 1119 2149
641 2927 4569
287 2396 3896
444 2705 4916
677 3066 4677
524 2923 4473
79 3010 4146
865 1977 4062
751 179 1463
557 971 2268
533 2981 3833
437 2602 3817
757 1249 2986
517 421 1352
886 2558 5049
735 2301 3108
114 2025 2698
530 2321 3210
211 788 1564
890 2663 5075
29 2230 2617
527 273 1182
1035 2956 5637
16 745 1009
748 234 1242
1033 1856 3432
256 2537 4434
87 951 1448
924 1510 3279
74 558 801
261 2484 3531
1021 1977 3736
1088 1251 2549
648 788 2268
407 1613 2663
305 2715 3117
1186 732 2886
375 800 1208
560 2759 4519
724 215 991
4 3055 3166
174 2014 2910
1123 2991 5911
553 1902 3622
17 1118 1723
1057 1355 3732
186 929 1368
1194 641 2861
919 3210 5123
16 1215 1637
1201 217 1595
122 114 295
1120 1236 3254
1320 885 3056
1168 570 2252
931 1300 2560
817 2022 2882
764 476 1274
1395 2011 4606
1205 767 3078
109 3231 3938
320 1441 2781
693 317 1390
626 3367 5131
1496 2600 5931
789 3162 5543
1020 984 3071
1300 2066 3747
342 853 1886
1620 761 2470
227 1105 1904
425 1761 3292
1601 2652 5520
886 803 1724
386 1845 2280
484 618 1518
841 1658 3975
1340 710 2359
1208 2425 4916
534 399 1336
49 3395 4872
1609 1248 2961
1485 1569 4838
1030 435 1834
1584 2841 4561
1529 1537 3832
729 223 1015
396 3315 3810
1012 1676 2850
693 385 1353
1229 2867 6023
1118 1372 3953
118 254 469
337 643 1099
280 2545 4420
1671 2958 6875
589 2186 4270
1308 2356 4861
1060 1560 3218
1673 1938 5075
27 3448 4581
1521 1500 3999
759 2821 5457
723 3104 5783
972 2733 5433
107 3175 4548
177 1376 1694
301 1164 1949
1728 1345 3764
382 1262 1733
770 3572 4720
1650 2846 5066
733 2886 3852
586 2375 3338
1407 779 3007
1617 2578 6090
611 2592 5110
1517 3360 6325
1077 987 2597
413 1174 2284
89 1710 2232
1487 3739 5242
604 2174 3777
77 649 1055
1400 769 3334
1206 1190 3359
339 674 1339
770 854 2334
1877 1224 4532
2043 2902 6686
1422 808 3156
41 695 877
868 2636 5036
93 883 1288
1567 895 3215
332 3033 4564
921 398 1646
1404 2462 4667
1178 132 1890
1164 2097 3501
1549 1222 3458
1955 2093 5138
1427 3657 5883