450
165 19 263
152 135 378
144 125 374
61 170 287
134 202 441
21 132 237
17 98 173
78 284 447
97 261 371
25 243 315
43 371 460
95 435 828
142 438 664
41 275 457
48 256 444
3 377 441
97 524 622
112 94 322
73 450 562
160 433 641
181 626 864
157 366 644
121 696 952
35 366 620
27 226 357
126 658 1233
128 709 904
177 201 501
138 478 924
140 332 479
54 220 419
80 517 677
149 693 959
55 633 973
42 646 887
45 564 951
101 516 755
86 742 1217
169 242 641
66 581 772
82 241 460
90 783 1356
145 356 680
198 383 588
94 818 1454
127 404 588
107 82 236
79 636 1092
140 205 515
67 466 699
171 757 1073
160 870 1291
82 921 1167
153 895 1227
129 900 1407
42 813 998
54 802 1164
185 55 257
46 273 322
20 1015 1328
125 715 870
201 166 527
208 793 1348
34 279 493
133 944 1655
91 453 669
209 631 970
28 932 1012
5 202 231
76 877 1147
86 1011 1355
183 585 806
131 215 405
166 361 748
174 1104 2019
141 557 1110
203 563 986
6 669 1032
171 1155 1961
136 621 966
99 1165 1854
179 1103 1567
11 515 579
40 1085 1409
121 209 521
16 1012 1113
52 349 632
25 206 309
146 946 1103
83 318 595
220 501 855
63 1092 1437
220 66 449
200 787 1000
198 1189 1832
200 617 980
109 561 778
157 593 1124
113 620 937
231 754 1137
18 992 1590
70 356 606
132 524 701
250 849 1384
219 160 565
193 769 1385
148 554 925
78 571 1021
202 1015 1256
226 627 1275
135 538 944
147 971 1191
86 870 1333
223 1061 1658
193 1261 2073
113 35 158
66 557 709
111 172 300
13 745 1113
203 763 1372
122 969 1313
21 1308 1761
130 128 296
227 403 630
40 621 731
243 516 1047
249 1133 1719
272 515 1092
205 408 712
179 281 651
129 938 1257
188 889 1668
32 340 457
280 1430 2416
37 1163 1326
206 192 419
201 806 1039
203 838 1200
213 629 1269
40 781 950
71 1088 1694
232 787 1425
44 1060 1392
234 1327 1893
295 1060 1747
124 331 713
109 1358 1893
142 1503 1808
149 61 214
72 591 1024
56 1220 1924
84 1250 2024
149 1288 2192
247 943 1869
12 1007 1099
119 1406 1927
169 658 1097
255 76 475
190 1019 1323
248 1047 1492
84 1308 1609
80 354 486
270 986 1513
253 1259 2111
238 1040 1304
209 1336 2323
287 182 694
197 234 668
199 1257 2084
117 943 1500
176 1003 1782
32 280 356
227 1258 1693
228 809 1493
21 782 855
77 738 884
181 842 1522
3 368 530
16 650 937
237 391 677
317 807 1241
203 1600 2454
261 1620 2521
66 1426 1794
181 904 1113
257 54 444
50 1356 1507
200 924 1235
86 1355 1510
41 1053 1474
321 867 1837
51 515 770
77 1402 1591
144 1392 1602
104 955 1580
135 1596 2061
143 966 1699
283 432 1052
72 638 984
103 920 1049
289 1422 2063
164 135 338
189 791 980
31 614 833
344 672 1224
100 1177 1453
149 764 1262
114 1437 1646
37 1660 1703
70 1681 2087
148 1313 1783
49 1625 2616
189 259 629
39 650 862
223 647 899
191 1356 2231
355 1218 2150
40 372 564
176 117 457
102 296 563
119 734 970
358 1146 1704
103 1455 2225
296 386 697
186 1620 2100
325 1269 2104
36 489 627
386 828 1558
37 1650 2327
398 1489 2670
246 102 448
240 254 637
95 381 596
115 939 1109
365 1382 2037
69 1450 1638
187 1026 1799
87 940 1279
154 387 631
280 63 470
92 319 476
110 1710 2794
192 572 1001
68 241 384
122 148 407
314 225 634
396 1821 2717
363 880 1921
237 78 344
317 846 1505
408 669 1455
167 583 1001
381 1162 2002
226 756 1429
320 1365 1954
11 1760 2346
419 957 1417
129 685 973
312 1574 2467
335 60 482
341 1398 1972
440 1128 2429
191 1795 2401
363 1388 2304
418 1470 2829
234 1857 2398
434 211 870
388 1258 2238
479 153 781
340 1521 2960
175 36 228
24 884 1409
116 1256 2081
455 1775 3055
271 1304 1928
130 303 653
173 360 586
83 89 234
163 967 1681
206 1780 3057
170 128 374
481 112 669
293 1344 2440
306 1387 1893
42 1352 1740
164 1713 1933
510 315 1241
422 1865 2991
188 906 1679
142 1522 2387
551 1538 2919
558 663 1316
430 189 770
536 289 1006
424 503 941
386 505 1339
137 1712 2075
115 939 1170
452 945 1488
207 1226 1437
504 344 1269
592 557 1700
153 157 319
412 1676 3260
380 1184 2406
12 654 882
23 760 823
460 1735 2659
597 567 1568
303 1075 1982
608 1487 2409
246 593 1180
523 1142 2073
638 1018 2082
538 1046 1794
333 1428 2214
425 1518 2400
229 521 1070
677 1963 3568
733 1870 3996
237 1150 1844
130 771 1299
292 1665 2466
796 85 1307
428 1767 3126
795 2018 3916
519 1091 2480
339 566 1324
621 1935 3295
262 1555 2068
396 588 1209
288 1920 2845
105 500 639
579 128 1023
505 62 801
333 1411 2028
622 888 2412
176 1862 2826
831 1386 2686
598 1430 2352
285 597 886
700 1474 3197
469 1993 3274
51 453 749
424 1893 2714
110 1245 2071
392 1788 2298
375 733 1448
726 1852 2646
82 1597 1912
24 642 879
909 2026 2941
578 1758 3737
276 1157 2002
679 1196 2932
983 978 2149
44 576 696
40 444 587
468 1245 2090
785 212 1236
48 1653 2480
592 1995 2806
786 1154 2306
542 997 2181
614 1377 2959
115 1499 2207
170 957 1712
803 2027 2886
213 171 573
671 1159 2711
694 807 1939
666 351 1274
1014 1713 3883
582 77 1002
156 373 576
526 839 1396
630 1349 2890
110 833 1220
501 772 1622
394 358 1053
96 274 451
292 764 1348
705 1012 2215
457 159 915
54 997 1419
197 1962 3171
567 848 1666
1011 732 2030
428 615 1529
140 1444 2375
305 343 939
916 439 1485
842 1627 3326
238 270 587
1017 1008 2474
920 1207 3172
800 48 935
54 861 1235
126 489 884
83 1942 2874
591 1416 2728
159 561 886
261 1423 1832
1066 1684 3803
1119 152 1876
119 999 1320
815 1451 2989
264 650 971
714 530 1267
969 1376 3672
1044 113 1417
1191 1909 4532
262 987 1254
670 1070 2681
207 391 935
1214 1630 4135
1001 1308 2365
503 661 1369
1168 725 2289
506 637 1542
1244 692 2606
630 1895 3222
1189 398 2487
220 2047 2687
627 573 1459
1203 283 1504
944 1946 4234
740 275 1574
1270 1491 3736
1225 1218 3855
826 977 2696
856 194 1665
1285 1142 3526
387 1242 1817
324 463 947
187 1242 1879
956 715 2552
449 1889 2858
527 1653 2837
1001 1873 3844
182 1026 1660
875 529 1495
538 784 2082
70 867 1072
645 1564 2308
175 1242 1880
631 1019 2096
1100 302 1408
614 915 1884
161 62 302