250
19 1 26
5 5 11
10 8 22
24 10 42
5 17 23
23 20 54
9 22 33
19 23 50
21 24 52
16 24 46
4 26 31
2 26 28
15 27 44
5 28 35
4 30 35
3 30 33
20 36 65
12 37 52
24 39 72
8 39 50
1 40 41
3 40 44
15 44 64
6 47 55
9 47 58
1 50 51
17 53 75
11 56 72
13 57 74
14 58 76
6 59 67
8 60 71
21 60 88
8 61 72
10 61 73
11 61 77
16 62 81
19 62 88
4 63 68
6 63 70
13 64 81
3 64 68
7 65 74
8 66 77
5 67 74
6 69 77
6 70 78
10 72 86
8 73 84
2 75 77
18 76 100
15 76 94
13 76 95
7 78 88
9 78 91
7 78 88
1 80 81
17 80 104
12 82 98
6 82 89
28 83 124
2 84 86
15 85 107
5 87 94
7 88 97
25 88 123
5 88 95
9 88 100
3 89 93
3 92 95
16 92 115
18 92 118
5 93 99
2 94 96
8 94 105
1 95 96
11 97 113
13 97 116
22 99 131
1 99 100
18 100 125
9 100 113
15 101 123
7 103 112
14 105 121
9 106 119
10 106 119
16 108 129
1 108 109
15 109 130
11 109 124
15 110 131
22 110 140
18 110 136
20 111 139
6 111 119
10 112 125
3 112 116
23 113 142
11 113 129
9 114 127
10 114 127
3 114 118
9 115 127
3 116 119
7 116 124
4 117 122
10 117 131
3 117 120
2 118 120
25 118 155
1 119 120
1 119 120
8 119 130
5 119 126
1 120 121
27 121 161
12 121 137
12 121 136
22 124 155
9 124 136
7 125 133
12 125 140
8 125 135
5 126 132
11 126 142
12 126 143
21 126 156
9 127 138
18 128 153
21 129 159
12 129 146
16 130 153
27 131 170
16 131 153
8 131 142
23 132 158
7 133 142
9 134 146
6 135 143
18 136 159
7 136 145
15 137 157
1 137 138
3 137 141
1 138 139
4 139 144
22 139 169
1 140 141
3 140 143
4 140 145
2 142 144
6 143 151
4 144 149
1 145 146
15 146 165
1 146 147
5 148 155
11 148 163
23 148 179
4 148 153
14 149 167
1 149 150
8 150 161
13 151 168
14 151 171
11 152 167
28 152 190
1 153 154
13 155 173
10 155 169
2 156 158
13 157 173
13 157 176
2 157 159
11 158 174
4 158 163
21 159 189
18 159 184
15 160 179
11 161 175
7 162 170
10 163 177
17 164 187
4 165 170
19 165 189
2 166 168
3 167 171
6 167 175
16 168 191
11 168 184
4 169 174
7 170 179
7 171 180
2 171 173
11 173 187
20 173 200
15 173 193
5 174 181
4 174 179
14 174 192
9 176 187
6 176 184
7 178 188
9 178 191
22 180 212
1 181 182
5 181 187
12 181 197
10 182 195
4 182 187
15 183 205
22 183 211
7 183 192
4 185 190
6 185 193
4 186 191
7 187 196
1 189 190
7 190 199
25 191 226
19 193 219
20 193 222
25 194 231
11 195 211
15 196 217
19 197 224
10 197 210
15 197 218
1 198 199
19 199 223
1 200 201
4 202 207
5 204 210
17 204 228
13 205 224
8 206 216
12 207 222
3 211 214
7 214 223
21 214 241
2 219 221
6 220 228
2 221 223
1 222 223
5 228 234
10 234 247
3 237 241
19 238 261
16 238 260
