300
13 8 24
7 10 19
10 11 25
25 14 51
9 16 28
17 24 48
23 31 62
6 34 41
14 40 59
3 41 45
20 42 71
6 43 51
8 44 55
13 44 62
13 45 63
5 45 52
2 49 51
13 50 69
14 50 70
24 51 82
4 53 58
5 54 61
5 56 62
1 59 60
1 61 62
1 64 65
11 67 81
8 67 77
1 68 69
1 68 69
13 69 87
16 70 92
11 72 87
1 73 74
7 76 85
6 78 86
27 78 118
6 78 86
1 79 80
18 80 104
10 80 94
5 81 88
24 84 118
15 85 107
26 85 121
15 86 107
6 88 96
18 90 116
5 92 98
20 93 117
9 95 107
16 96 116
8 96 106
15 99 119
6 100 108
10 101 114
16 101 124
2 102 104
5 102 109
9 102 114
5 103 109
3 104 108
4 104 109
21 104 132
6 105 113
11 105 119
4 105 109
3 105 109
11 106 120
8 107 118
20 109 135
7 109 119
17 110 133
3 111 114
11 114 127
2 116 118
7 116 125
6 116 123
20 118 146
8 118 129
5 118 125
5 118 124
5 122 128
14 122 142
8 122 131
8 122 133
18 123 145
17 123 145
28 124 162
19 125 152
7 125 135
8 126 137
11 126 141
20 126 152
20 126 150
24 128 163
2 128 130
3 129 133
20 129 157
15 129 150
6 129 137
6 131 139
2 131 133
9 131 144
8 132 143
8 132 143
24 134 169
6 134 141
6 134 142
8 134 145
5 135 142
19 135 159
4 135 140
16 135 156
9 138 150
15 139 160
12 140 154
5 140 146
5 140 147
5 141 147
8 141 152
15 142 164
18 142 165
2 143 145
4 143 148
10 143 157
3 144 148
6 144 152
8 145 156
10 145 157
14 145 163
5 147 154
12 148 164
2 148 150
10 148 160
20 148 177
5 149 156
23 150 184
8 151 161
20 152 179
7 152 161
20 153 179
9 154 166
10 155 169
9 155 166
9 156 168
6 156 164
3 156 160
2 156 158
5 156 163
5 157 163
9 158 170
5 159 165
21 159 188
10 159 172
3 159 163
2 160 162
21 160 191
2 161 163
22 162 193
13 162 179
5 163 169
20 163 187
6 163 171
2 164 166
2 164 166
16 166 188
10 166 180
28 166 207
11 166 182
1 167 168
7 167 176
17 167 191
1 167 168
5 169 176
14 171 191
3 171 174
2 172 174
5 172 178
7 173 183
14 173 192
1 173 174
1 174 175
3 174 178
10 174 187
3 175 179
7 176 186
16 176 198
14 176 196
6 178 186
6 178 185
12 178 194
14 181 201
9 182 195
8 182 193
17 182 206
7 183 191
7 183 192
17 183 204
18 183 205
3 184 188
5 186 192
3 187 191
7 187 196
15 188 210
12 188 205
23 188 220
8 189 200
7 190 199
5 190 197
16 190 210
12 192 208
9 192 205
14 193 211
7 193 201
5 195 202
7 195 204
13 196 213
6 196 204
17 197 220
16 198 219
13 201 219
15 202 222
4 203 208
21 203 234
7 205 215
17 207 231
19 207 230
5 207 213
8 208 219
1 208 209
15 208 229
11 209 222
10 210 223
8 211 222
9 211 224
21 215 240
24 215 250
2 217 219
3 218 221
23 219 248
7 221 229
3 222 226
7 222 232
20 223 251
4 223 228
12 224 240
17 225 249
11 225 240
19 225 253
4 225 230
11 227 242
4 228 233
9 228 239
6 229 236
25 229 262
12 231 248
8 231 242
8 235 246
2 236 238
8 237 248
5 237 243
1 237 238
17 238 258
8 238 249
17 240 263
2 242 244
1 242 243
16 243 264
13 243 260
8 244 254
19 245 271
2 245 247
5 248 254
5 248 255
4 248 253
4 249 254
19 250 278
4 250 255
2 250 252
13 252 268
9 254 266
18 257 282
4 258 263
15 262 281
18 264 290
6 265 272
14 265 284
3 266 269
21 268 293
2 268 270
2 271 273
12 271 286
1 273 274
8 275 286
2 279 281
13 280 298
4 282 287
8 284 295
9 287 298
