350
1 16 17
5 16 23
13 16 34
10 25 37
4 27 32
25 34 66
4 36 41
9 38 51
14 39 57
1 40 41
11 42 57
2 43 45
1 48 49
18 53 78
28 54 92
5 56 61
28 57 95
10 62 76
6 62 70
4 64 69
13 65 81
24 68 103
10 72 86
7 72 81
1 75 76
13 78 96
12 78 93
13 78 94
8 79 89
1 80 81
5 81 88
4 81 86
12 81 97
4 83 88
19 92 119
18 94 119
5 94 101
7 94 103
8 95 106
6 96 104
3 98 102
1 99 100
15 99 120
7 99 109
2 100 102
5 101 107
9 102 114
2 102 104
2 103 105
15 103 120
5 104 111
17 105 127
10 105 117
1 106 107
1 108 109
15 109 129
15 109 129
5 110 116
24 110 144
4 111 116
13 111 128
19 112 139
4 114 119
6 115 123
2 115 117
19 117 140
3 117 121
15 118 140
4 118 122
11 119 134
16 119 142
18 119 145
2 121 123
7 122 131
12 122 139
6 123 131
10 124 138
17 124 146
21 125 152
18 127 151
7 128 138
10 129 143
20 129 157
11 129 144
24 130 160
14 130 149
4 131 136
3 131 135
3 131 135
16 131 151
6 132 140
11 132 146
4 132 137
13 133 152
16 133 155
1 133 134
7 135 144
12 135 152
6 137 145
9 138 151
1 139 140
4 139 144
13 140 158
2 141 143
7 141 150
15 142 162
7 142 152
1 143 144
4 143 148
16 143 166
6 144 152
20 144 173
13 144 161
4 144 149
24 145 178
12 145 161
6 146 153
3 146 150
10 146 160
19 146 173
10 147 159
12 147 163
8 148 158
9 150 163
5 150 156
5 152 159
15 152 173
19 152 176
3 153 157
23 154 186
6 154 162
5 155 162
13 155 172
2 155 157
1 156 157
8 156 167
6 156 163
8 156 167
6 158 165
12 158 174
5 158 164
3 158 162
8 159 169
11 160 175
1 160 161
3 160 164
17 162 186
5 162 168
23 164 196
1 164 165
12 164 181
7 164 173
18 165 186
15 165 183
19 165 193
10 166 179
26 166 203
3 167 171
16 168 190
11 169 183
9 170 182
6 170 177
13 171 188
5 171 178
9 173 184
3 173 177
5 173 179
3 173 176
6 174 181
2 174 176
6 174 182
7 175 184
19 175 199
11 175 189
15 176 196
5 177 183
14 178 197
6 179 186
2 180 182
22 180 210
4 181 186
11 181 193
2 181 183
16 182 201
8 183 194
20 183 211
4 184 189
6 184 192
4 185 190
5 185 192
15 186 207
1 186 187
14 188 208
9 188 200
6 190 198
6 190 198
11 190 205
20 191 218
1 191 192
5 191 197
11 191 207
15 191 213
15 192 210
10 192 206
3 192 196
16 193 215
1 194 195
11 195 210
17 195 219
11 195 209
10 195 207
13 196 214
10 196 208
7 196 205
12 198 213
2 198 200
17 199 221
11 199 214
2 199 201
4 199 204
25 200 233
12 201 217
3 202 205
4 202 207
14 203 223
9 204 215
3 204 208
21 205 230
2 206 208
6 206 214
9 206 219
11 206 220
15 208 227
2 209 211
4 210 215
9 211 223
11 211 225
2 212 214
6 212 220
9 213 226
8 213 223
27 213 249
10 213 227
13 215 233
6 216 223
1 216 217
16 216 239
26 218 250
17 219 242
3 220 223
21 220 250
4 221 226
10 221 233
10 222 236
2 222 224
6 224 232
11 224 239
10 224 236
7 226 236
6 226 234
8 226 237
2 226 228
9 227 239
2 227 229
1 227 228
1 228 229
4 228 233
8 229 240
2 229 231
9 230 242
7 230 240
1 232 233
16 232 254
10 233 247
12 234 250
6 234 241
13 235 253
1 235 236
22 235 267
9 237 250
10 238 252
7 238 246
5 239 245
2 239 241
8 240 250
6 241 249
5 241 247
28 241 282
19 242 268
3 244 248
1 244 245
7 245 254
20 248 275
5 249 255
27 250 289
4 251 256
22 253 281
3 255 259
10 255 268
12 256 273
1 257 258
6 257 265
1 258 259
2 258 260
4 261 266
4 262 267
5 263 269
18 264 289
6 264 272
14 265 282
2 266 268
9 267 280
11 268 283
15 268 287
14 270 290
12 272 289
6 274 282
20 277 305
9 278 290
2 279 281
18 280 306
19 280 308
7 281 290
17 283 305
14 283 301
9 286 299
3 286 289
17 289 313
4 290 295
18 293 318
1 295 296
3 296 300
19 296 322
1 297 298
4 301 306
24 301 336
9 305 317
13 306 324
9 306 318
12 311 328
14 312 332
22 313 345
18 317 339
24 317 347
4 318 323
7 318 328
5 320 326
10 335 349
3 337 341
25 337 370
