400
10 3 17
8 13 23
19 23 49
1 27 28
6 35 43
5 38 45
2 39 41
14 43 62
16 43 66
11 44 58
2 44 46
8 46 56
14 47 67
23 47 76
2 47 49
8 52 63
10 56 69
5 57 64
13 58 77
5 58 65
13 59 78
3 59 63
19 60 87
1 60 61
13 60 79
26 62 97
7 65 74
2 66 68
9 66 79
12 66 81
1 67 68
2 70 72
1 71 72
8 72 81
4 73 78
7 73 82
2 74 76
18 74 100
5 74 81
5 80 87
18 80 106
11 81 96
15 84 104
4 84 89
2 85 87
22 88 115
1 88 89
6 89 97
6 89 97
3 90 93
4 93 98
6 93 101
13 94 112
1 95 96
3 95 99
10 96 109
24 97 125
18 98 121
10 100 114
20 100 129
2 100 102
6 101 109
5 101 107
7 102 111
2 102 104
12 104 118
19 108 134
1 110 111
17 110 133
7 111 120
9 112 123
6 112 120
22 115 147
7 116 125
15 117 138
10 119 132
15 119 140
1 119 120
13 120 138
11 121 136
4 126 131
20 126 153
10 126 139
15 129 148
5 130 137
8 130 140
7 133 142
15 134 154
16 134 155
3 135 139
6 137 144
15 139 157
25 140 173
9 141 154
14 142 159
9 142 154
21 143 169
12 144 159
14 145 164
7 145 154
16 145 166
12 146 162
6 146 154
6 147 155
25 147 180
23 149 178
22 151 179
10 152 166
7 153 162
18 154 178
8 154 163
13 154 171
12 154 168
10 155 168
28 155 189
15 155 174
12 156 173
1 158 159
20 159 184
9 160 173
5 161 167
8 161 171
10 163 177
2 164 166
5 164 171
17 166 190
21 166 194
13 167 182
9 167 179
6 167 175
6 168 176
8 168 179
12 169 185
7 169 177
18 169 193
14 170 190
2 170 172
20 170 198
1 170 171
22 170 201
5 171 177
9 172 183
12 172 189
7 172 180
15 173 193
12 173 190
6 174 182
10 174 187
7 174 184
9 175 188
2 175 177
10 175 188
3 175 179
2 176 178
14 176 196
17 177 202
29 177 213
26 177 211
9 177 189
8 178 188
2 178 180
11 179 192
17 180 204
20 180 207
8 180 191
28 180 220
5 180 186
1 181 182
7 181 191
21 182 208
3 184 187
26 184 218
14 184 202
1 185 186
15 185 207
11 186 201
15 186 207
4 186 191
4 187 192
18 187 208
5 187 194
4 187 192
14 188 204
15 188 209
2 189 191
21 189 216
3 189 193
4 190 195
28 191 227
6 191 199
9 193 204
9 193 204
6 193 200
9 194 206
11 195 211
3 195 198
11 196 211
18 197 220
18 198 221
29 198 237
7 199 208
10 199 212
1 200 201
5 200 207
1 200 201
2 200 202
1 200 201
19 202 227
8 202 211
5 202 208
8 202 213
6 203 211
4 203 208
7 203 213
11 204 217
10 205 219
6 205 213
2 205 207
17 205 230
2 206 208
14 206 225
7 207 215
6 208 216
14 208 227
10 208 222
16 208 228
6 209 217
16 209 231
5 209 215
8 210 221
11 211 225
7 212 221
12 212 228
23 212 243
18 212 235
10 212 224
11 212 225
11 212 228
14 213 231
25 214 249
12 214 231
12 214 230
9 215 227
7 215 223
13 216 235
13 216 235
21 216 246
7 217 227
6 217 225
16 218 238
19 220 248
14 222 241
2 224 226
20 224 250
13 226 241
27 226 264
1 227 228
23 228 260
6 229 237
24 229 260
16 230 252
8 231 242
12 231 247
7 232 242
4 233 238
16 233 255
24 233 268
15 234 256
4 234 239
11 234 247
5 235 242
24 236 268
15 236 257
9 237 249
21 237 267
19 237 263
11 237 252
16 238 260
10 238 251
4 238 243
13 238 254
1 239 240
19 239 267
5 239 245
13 239 257
3 239 242
11 240 255
8 240 251
9 241 252
8 241 252
6 242 249
15 242 261
25 243 278
5 243 250
5 244 250
8 244 254
4 244 249
2 244 246
17 244 269
16 245 267
13 245 264
12 246 261
26 247 281
3 249 253
12 250 267
12 250 266
3 251 255
10 254 268
2 254 256
1 256 257
9 257 267
4 257 262
6 257 265
18 258 283
1 258 259
3 258 262
1 259 260
17 259 281
9 260 271
1 260 261
6 263 271
1 264 265
6 264 271
3 265 268
4 266 271
1 267 268
5 267 273
7 267 276
4 268 273
9 271 283
7 272 282
6 272 280
4 273 278
14 276 295
17 276 299
10 277 291
24 277 312
12 277 293
12 278 295
6 278 285
16 280 298
6 281 289
3 282 286
4 283 287
2 287 289
2 287 289
9 287 299
16 289 311
12 291 307
1 292 293
13 294 313
19 295 319
6 296 304
6 296 304
6 297 305
2 303 305
6 304 312
7 304 313
2 306 308
11 307 322
2 309 311
9 310 322
13 311 328
1 312 313
13 313 329
21 313 338
20 314 341
12 314 329
9 315 326
5 317 324
14 317 337
1 319 320
11 319 334
29 320 362
1 322 323
12 322 339
6 324 332
7 324 332
2 324 326
4 325 330
7 326 334
10 327 341
15 327 347
1 329 330
16 332 354
9 334 347
1 334 335
6 336 344
13 345 363
12 349 366
18 349 372
2 350 352
1 357 358
21 358 387
5 359 366
9 362 375
3 371 374
15 379 401
6 380 388
22 392 424
