500
9 12 23
7 12 22
4 20 25
1 25 26
6 27 35
11 28 42
14 39 59
10 39 52
8 52 62
17 54 78
5 58 64
7 59 68
17 59 84
15 61 83
16 62 81
26 65 103
6 66 74
6 67 75
20 70 98
29 72 112
24 73 108
9 73 83
4 74 79
1 76 77
14 78 96
13 79 97
7 81 89
20 82 109
17 86 109
8 88 99
3 88 92
14 90 110
3 91 95
6 92 99
12 93 110
2 93 95
19 94 117
12 94 111
12 97 113
7 98 108
4 100 105
18 101 123
3 102 106
8 103 114
13 104 121
5 105 111
4 107 112
4 108 113
8 108 119
14 110 128
2 111 113
3 113 117
12 113 130
3 113 117
7 113 122
25 113 143
1 114 115
22 115 146
28 115 152
1 116 117
2 119 121
1 120 121
7 121 131
9 123 136
4 125 130
3 127 131
17 127 151
6 127 135
2 128 130
1 130 131
11 131 146
3 132 136
19 132 158
2 133 135
2 136 138
8 136 147
26 137 175
4 138 143
16 139 161
11 139 153
16 142 164
13 142 159
17 142 166
24 142 177
17 143 167
4 144 149
15 144 165
6 145 153
5 146 152
17 146 170
3 146 150
2 147 149
12 147 164
9 147 159
8 149 159
9 149 161
6 149 156
10 151 164
5 152 158
4 152 157
3 154 158
6 154 161
8 157 168
15 157 179
24 158 192
12 158 174
10 158 171
4 160 165
23 160 189
11 162 177
4 163 168
19 163 187
3 163 166
4 163 167
1 164 165
2 164 166
5 166 172
13 166 181
4 166 171
25 167 204
7 169 178
14 170 190
7 170 180
6 170 178
6 173 181
12 174 190
11 174 188
5 175 182
10 175 189
3 175 179
4 176 181
14 178 198
15 178 199
3 178 182
10 179 191
2 179 181
10 180 193
4 180 185
2 181 183
16 181 202
5 181 188
19 182 209
23 182 216
1 182 183
2 183 185
16 184 207
7 184 192
1 185 186
5 186 192
9 187 199
6 188 196
4 188 193
22 189 218
4 189 194
2 190 192
11 191 204
10 192 206
26 192 227
18 192 216
6 193 201
14 194 210
17 195 219
2 197 199
16 199 222
12 200 217
6 200 208
17 201 224
20 202 228
17 203 225
3 204 207
11 205 221
9 205 218
3 206 209
11 206 222
4 209 214
10 210 223
9 210 223
12 212 229
6 212 219
4 212 217
11 213 228
18 213 237
5 214 220
10 214 228
24 215 245
5 216 222
15 217 238
5 217 223
13 218 237
6 219 227
11 220 236
15 220 241
22 220 250
3 220 224
4 221 225
18 222 247
8 222 232
10 223 235
12 223 238
16 223 245
14 224 242
10 225 239
16 225 248
8 226 237
12 226 241
27 228 265
19 229 257
1 229 230
6 230 238
17 231 256
13 231 248
7 231 239
9 231 243
5 232 239
8 233 243
10 233 245
15 233 255
3 236 240
5 237 244
1 237 238
12 237 253
24 237 270
6 238 246
26 239 277
8 239 250
5 240 247
5 242 248
1 243 244
20 244 272
4 245 250
7 245 253
6 245 253
19 245 272
10 245 258
11 246 261
1 246 247
2 247 249
1 249 250
14 250 270
2 250 252
5 251 258
21 251 276
4 251 256
7 252 261
9 253 266
13 254 273
12 254 268
19 255 282
2 255 257
11 256 272
13 256 274
11 257 270
1 257 258
10 258 269
7 258 268
12 260 277
3 261 264
2 262 264
11 262 278
11 262 277
10 263 275
10 263 277
9 265 278
6 266 274
16 266 288
12 266 282
15 267 289
12 267 283
4 267 272
11 267 281
8 267 277
2 267 269
15 269 290
5 271 277
5 272 278
5 273 279
20 273 297
22 273 304
1 273 274
5 275 281
7 276 285
2 278 280
24 278 313
10 280 294
13 280 296
18 280 305
14 281 299
2 282 284
9 282 292
20 283 309
8 284 294
4 284 289
6 285 293
7 285 295
27 287 327
2 287 289
13 287 305
28 288 325
10 288 301
8 289 299
5 289 296
6 291 299
19 291 316
15 291 311
8 292 302
24 292 325
10 294 308
7 294 303
22 295 324
22 295 326
4 296 301
13 297 315
9 297 308
3 297 300
5 298 304
1 299 300
9 300 313
6 301 308
23 301 332
5 301 307
7 302 311
5 303 309
3 303 307
22 303 330
8 303 314
23 304 336
6 305 312
19 305 331
6 306 314
8 307 318
10 307 321
11 307 322
15 308 328
16 309 330
3 309 313
10 309 322
15 310 330
3 311 315
7 311 320
4 311 316
22 311 341
10 312 326
1 312 313
20 312 341
7 313 322
12 313 328
21 314 345
15 315 333
8 315 325
12 316 332
13 316 333
15 316 338
9 317 329
20 317 345
15 318 338
2 320 322
13 321 337
2 322 324
12 323 340
17 324 345
27 325 364
13 326 341
5 327 333
14 328 345
1 328 329
15 329 351
19 329 354
4 329 334
6 332 340
13 332 348
10 332 346
9 333 345
6 333 341
17 333 353
4 334 339
12 334 349
15 335 356
2 335 337
7 336 345
14 337 356
1 337 338
7 337 346
4 337 342
8 337 347
15 339 361
3 341 345
19 341 366
7 343 353
22 343 374
3 343 346
5 344 350
26 344 375
5 345 352
7 346 354
4 347 352
3 348 352
4 348 353
6 349 357
4 350 355
7 350 359
15 351 370
3 353 357
16 353 374
9 353 366
6 353 361
1 355 356
16 355 378
22 355 383
11 356 369
10 356 370
11 357 372
27 358 395
4 359 364
7 362 372
3 362 366
1 362 363
4 363 368
7 363 372
2 364 366
1 364 365
6 366 374
7 367 377
17 367 388
11 368 384
10 368 382
5 368 374
2 368 370
20 371 400
22 371 399
20 372 398
2 372 374
7 373 382
16 373 396
13 373 391
13 375 391
11 375 390
17 377 402
3 378 382
3 378 382
17 379 401
24 380 411
22 384 416
4 385 390
17 385 409
3 386 389
4 386 391
12 386 403
20 387 415
4 387 392
17 387 407
10 387 400
2 388 390
16 388 410
3 391 395
4 391 396
1 394 395
13 396 412
25 397 430
7 397 406
6 398 405
13 398 416
11 399 414
7 400 409
22 401 431
7 401 410
13 401 416
14 402 422
5 403 410
15 403 424
16 404 426
1 404 405
3 406 410
20 408 437
21 408 436
23 409 443
28 410 449
8 413 423
3 414 418
17 419 440
3 419 422
2 420 422
1 421 422
15 423 445
14 425 442
4 434 439
13 435 451
16 439 461
3 442 446
13 443 459
11 448 463
12 452 469
6 454 462
21 457 482
6 457 464
7 459 469
21 460 490
19 472 500
20 476 505
4 478 483
12 479 495
