100
66 646 716
85 75 163
46 1124 1173
16 1222 1238
49 780 829
58 260 319
11 62 73
13 47 60
5 1160 1165
69 122 195
56 331 390
50 133 186
83 0 83
42 135 179
61 785 852
96 334 432
63 24 90
57 1192 1252
25 220 247
59 189 252
41 80 125
56 688 747
62 200 265
81 1055 1143
60 607 672
16 555 571
27 501 529
49 810 863
63 882 948
45 118 163
89 243 334
98 382 481
29 697 726
62 453 518
67 857 924
62 1163 1229
55 390 449
48 132 184
50 768 820
22 970 994
55 1006 1065
86 186 273
14 1177 1192
62 46 108
69 220 290
27 599 626
24 148 173
90 364 457
65 410 479
33 264 298
42 1239 1283
42 791 836
41 0 41
6 742 748
59 0 59
53 0 55
68 106 179
61 455 518
49 0 51
65 1044 1112
6 949 955
12 130 143
91 1146 1242
61 207 273
15 918 933
58 428 490
56 494 552
92 745 843
42 367 410
58 992 1053
40 176 219
31 230 262
41 909 951
67 450 522
16 210 226
97 606 711
8 624 632
71 391 462
28 0 28
42 138 183
71 1040 1115
61 298 361
68 287 355
83 1190 1280
33 214 247
47 210 261
91 1084 1183
83 1280 1369
20 438 458
40 313 357
45 858 904
71 585 657
21 207 229
58 380 442
9 908 917
51 0 51
61 614 680
70 849 923
68 834 905
80 62 147
