150
88 787 881
95 1426 1522
48 358 409
41 914 956
23 222 245
45 1298 1347
63 534 603
89 1460 1556
71 501 576
91 844 935
87 1467 1560
94 918 1018
56 1878 1938
50 321 371
91 848 942
94 1156 1250
43 727 773
22 0 22
12 979 991
29 208 239
70 212 282
5 1506 1511
49 75 128
51 521 573
54 967 1024
18 1750 1768
61 1757 1820
40 183 225
98 110 215
58 399 459
17 767 785
56 724 783
23 1571 1596
57 685 746
57 1574 1636
59 591 651
54 278 336
86 1091 1183
59 990 1052
47 794 843
42 1171 1214
44 0 48
32 1190 1225
49 874 923
34 738 772
26 544 571
31 77 111
60 775 840
59 1204 1267
57 678 739
60 1031 1093
12 322 334
42 1696 1738
55 1043 1099
60 1174 1240
48 48 99
46 319 365
54 449 504
71 100 171
43 782 825
60 200 263
46 1328 1376
59 338 400
92 847 948
48 1080 1131
83 223 306
32 800 834
63 1114 1179
49 555 604
41 1224 1268
69 365 440
46 621 671
23 1102 1126
53 422 476
43 1054 1100
51 1350 1404
40 1176 1218
80 0 88
46 1805 1852
29 633 663
9 728 737
40 866 907
41 1233 1274
86 628 719
69 31 103
70 334 411
16 632 649
11 622 634
10 574 585
96 958 1062
43 316 361
65 636 704
49 847 900
67 567 635
43 0 45
66 387 453
82 1466 1552
26 1767 1793
43 539 585
62 417 484
50 709 762
47 589 637
42 493 536
44 1539 1586
21 1148 1171
8 1720 1728
95 212 315
55 636 694
27 160 187
44 1115 1162
52 975 1032
9 1551 1560
59 232 293
66 7 74
18 815 834
57 1000 1061
101 46 148
23 1299 1324
59 608 669
16 438 454
57 1801 1862
44 0 48
63 526 593
50 1357 1411
41 439 480
61 794 859
88 570 661
19 1591 1610
96 1256 1354
90 0 91
18 804 822
51 1196 1251
52 256 309
17 223 240
95 546 644
23 1169 1193
46 800 850
66 1034 1102
36 699 736
69 1372 1444
11 895 906
70 1424 1501
59 1606 1668
62 1257 1323
16 332 348
16 429 445
47 287 334
45 1449 1495
64 262 331
31 1016 1050
