200
48 878 930
81 1223 1312
83 585 674
69 1501 1573
19 1460 1480
28 168 197
52 718 771
59 1756 1816
44 441 485
51 2268 2320
65 1227 1292
70 1749 1819
21 650 671
59 2112 2176
58 1200 1259
93 306 403
21 468 490
86 1292 1379
63 692 759
23 356 381
15 1825 1841
54 1410 1468
93 924 1021
67 2038 2107
65 1127 1192
98 303 405
98 157 264
51 2074 2130
19 971 991
27 521 550
55 290 350
70 1689 1760
46 1624 1673
66 1672 1744
56 975 1035
35 1207 1245
48 1127 1179
57 293 355
62 757 819
65 1637 1705
57 2142 2204
66 215 282
63 1340 1406
85 1441 1532
61 2552 2618
67 497 569
93 1917 2010
41 1611 1652
7 321 328
65 334 401
51 11 64
23 828 851
94 1429 1530
47 35 84
43 980 1027
67 707 778
71 509 585
60 161 224
81 0 88
101 351 455
85 924 1013
65 1969 2035
48 644 694
90 1542 1639
56 1095 1152
20 2399 2419
53 188 246
66 1103 1172
42 396 438
69 1302 1373
46 1706 1755
92 1261 1358
45 1370 1417
58 746 804
17 125 143
45 993 1042
65 2449 2517
19 1658 1678
19 139 159
16 1588 1605
48 759 808
48 1871 1921
46 1282 1328
96 271 376
57 819 876
46 1553 1603
50 1372 1422
10 383 394
43 1869 1914
67 140 209
61 1739 1805
62 243 311
61 798 861
32 1495 1530
65 695 760
44 1070 1116
26 1380 1408
68 536 606
95 2481 2585
17 140 157
50 1575 1629
53 1359 1413
53 2529 2584
97 1024 1121
100 831 931
54 2286 2343
98 1025 1126
15 496 512
51 1740 1795
65 627 693
68 262 335
12 1253 1266
65 616 684
93 454 552
27 328 356
13 478 491
80 1369 1451
43 1108 1153
58 960 1022
33 1119 1155
35 1673 1710
52 899 955
68 585 653
34 475 509
50 1985 2035
42 2156 2202
10 753 763
59 225 285
32 0 34
86 856 947
43 2303 2346
58 230 290
67 1266 1336
8 226 234
70 1188 1264
101 2355 2462
48 1102 1152
68 626 699
95 2502 2601
100 1990 2097
42 584 627
33 1454 1489
16 2287 2303
55 1276 1334
18 379 398
52 226 282
63 0 67
57 907 965
9 72 81
49 90 140
70 146 219
17 723 740
68 771 845
60 877 943
22 2094 2118
50 645 697
63 702 767
49 919 969
15 326 341
68 0 70
59 1522 1585
24 1175 1199
24 139 163
50 1090 1144
16 2170 2187
62 2041 2109
85 1706 1796
24 2278 2304
31 2186 2220
46 2060 2106
63 0 64
23 900 923
34 1927 1961
96 1036 1135
26 750 777
16 636 653
42 2511 2555
7 869 876
58 617 679
48 2303 2354
7 1767 1774
50 1476 1529
10 712 723
66 1145 1211
44 476 522
50 1264 1317
67 1134 1206
85 351 441
27 2375 2402
70 574 650
55 919 975
67 1175 1243
70 531 606
46 651 697
70 1755 1828
101 0 109
53 1137 1190
46 1028 1078
61 1650 1715
71 1269 1342
