300
46 3108 3154
18 1208 1226
59 1682 1742
34 631 666
47 695 744
21 1935 1957
46 1669 1718
49 3676 3729
91 1417 1512
48 1363 1412
14 475 490
41 518 561
83 1744 1830
59 2027 2088
22 2524 2548
47 2138 2185
19 260 280
22 1389 1412
55 410 470
59 1386 1447
70 2154 2231
40 3511 3555
8 2089 2097
83 2316 2404
15 839 855
47 2011 2062
46 282 328
11 1424 1435
67 1376 1444
87 2954 3046
66 1102 1168
71 899 973
35 1490 1528
11 244 255
90 651 741
58 339 399
40 1930 1974
66 229 295
41 430 475
44 1618 1665
64 101 165
33 231 264
63 908 975
71 1349 1423
56 785 843
45 1483 1531
53 2737 2795
42 56 99
16 1700 1716
48 2251 2302
70 1791 1867
55 0 60
31 425 457
5 1854 1859
71 1185 1256
45 1221 1266
64 1646 1711
41 2433 2475
31 1717 1750
7 1394 1401
18 1722 1740
51 1638 1689
58 2269 2327
43 529 573
42 2270 2315
46 0 47
29 1754 1783
70 3675 3751
43 3007 3054
35 2286 2322
71 94 167
43 2122 2167
32 2321 2353
91 356 449
70 583 655
49 945 996
30 3297 3329
36 1616 1652
63 2551 2615
58 1008 1069
86 3377 3470
56 0 56
61 229 291
6 928 934
91 999 1090
34 3647 3681
58 1967 2027
60 2465 2531
46 3838 3886
89 886 977
14 1874 1888
90 3025 3121
24 2007 2031
55 1688 1746
22 1487 1510
71 2324 2401
67 359 426
18 1529 1548
32 236 270
36 2302 2340
63 3447 3512
60 3830 3892
21 3403 3426
68 1301 1372
80 820 906
47 3666 3717
69 91 161
50 1137 1188
69 220 291
69 1693 1764
98 861 966
70 787 861
45 2273 2322
85 1251 1342
49 3143 3192
49 1268 1320
63 2178 2241
83 2424 2513
34 729 765
29 820 851
65 1067 1138
97 2563 2660
16 1311 1328
40 2600 2643
50 1337 1389
18 760 779
65 1991 2062
62 2767 2829
57 41 99
62 528 594
18 2010 2029
99 24 123
13 3680 3693
45 2828 2876
49 2538 2589
58 200 260
27 2368 2396
91 2886 2980
57 3587 3648
91 171 264
100 2450 2558
26 2098 2126
28 1797 1825
56 2232 2288
45 1192 1237
20 195 216
28 2778 2807
71 1390 1461
85 3524 3613
6 1299 1305
43 129 172
48 3135 3183
82 70 153
89 7 104
45 1145 1194
36 1575 1612
69 1053 1124
40 2501 2545
41 1663 1706
61 553 615
71 236 307
61 1519 1583
47 1322 1370
63 299 364
65 1948 2013
50 1157 1210
91 912 1004
68 2085 2155
83 2412 2497
61 187 249
32 613 646
82 2518 2602
11 1895 1907
94 2164 2263
17 1484 1502
97 1263 1364
57 2145 2207
53 1109 1164
57 155 217
50 764 817
58 2467 2525
51 2786 2842
15 2199 2215
60 1311 1372
50 1708 1763
40 0 41
52 695 749
40 441 481
101 1410 1514
67 1608 1681
69 1804 1877
51 1320 1371
87 3475 3568
10 1704 1715
59 3387 3447
55 165 225
20 2004 2026
55 2964 3020
10 102 112
47 2533 2581
86 599 686
59 3124 3186
92 2143 2239
41 1338 1381
49 3876 3926
52 1857 1914
24 3357 3381
54 1953 2010
52 235 290
88 1246 1335
16 2102 2118
63 2885 2950
70 586 656
84 1677 1767
24 2596 2620
27 1473 1501
45 113 158
90 1472 1564
64 2285 2351
42 2583 2625
61 2529 2594
54 2531 2589
6 3867 3873
49 0 50
87 2286 2376
31 1578 1611
58 1610 1668
58 2314 2374
61 2552 2618
13 2697 2710
34 274 308
51 46 102
68 1997 2066
56 2045 2102
49 2837 2890
47 1886 1935
44 573 617
18 1673 1691
97 1806 1905
69 132 201
70 1012 1085
60 2288 2354
65 171 237
40 2196 2236
59 2018 2080
43 2228 2272
57 311 369
52 2340 2392
70 2260 2336
28 845 875
71 1613 1689
86 2190 2278
40 332 372
17 3201 3218
80 691 771
34 2050 2087
53 803 861
52 2152 2206
14 1760 1775
57 132 189
87 0 95
88 674 766
65 2804 2874
52 2447 2500
71 1679 1751
23 179 204
62 2154 2217
92 83 180
43 1426 1471
28 1537 1565
40 2244 2288
32 1744 1777
50 970 1022
44 1724 1769
57 1475 1533
43 1482 1529
51 2510 2566
83 2078 2166
56 1877 1938
7 3755 3762
65 2183 2248
22 2359 2383
59 925 984
48 2596 2648
30 2095 2126
101 538 649
67 2819 2891
56 3589 3648
47 1114 1161
81 3590 3675
95 1090 1189
62 1925 1988
57 2424 2483
11 116 128
19 275 294
11 2224 2235
71 138 209
52 85 137
60 1558 1623
71 1520 1594
