350
27 2487 2514
35 1940 1976
64 440 508
45 3443 3490
68 121 193
30 680 711
64 3371 3439
70 85 162
86 2823 2911
60 4077 4141
93 2197 2299
47 268 315
64 363 432
60 893 957
41 1744 1787
44 1593 1638
64 1517 1585
90 1991 2081
40 2905 2948
68 1351 1422
55 1028 1084
99 238 344
16 2857 2873
65 0 71
41 3192 3233
64 2544 2609
41 609 653
99 1330 1430
42 1286 1330
60 1605 1671
44 58 106
44 1659 1705
11 2514 2526
57 3686 3746
59 728 790
54 0 59
8 1269 1277
53 366 419
63 2781 2845
56 1641 1701
27 132 159
7 1460 1467
54 1119 1173
48 435 483
51 3637 3692
14 4116 4131
24 1808 1832
25 904 929
48 1560 1611
86 1366 1460
8 1089 1097
55 1270 1330
96 68 168
18 2212 2230
96 2817 2916
22 1590 1612
50 2451 2501
36 82 121
67 1292 1364
42 2234 2277
68 2376 2446
28 3271 3301
44 4011 4056
70 2403 2480
31 929 962
57 2267 2324
56 1003 1060
56 920 977
14 431 445
87 3329 3424
57 3892 3950
43 1993 2037
68 844 918
44 3124 3172
46 2327 2376
91 187 278
16 1012 1029
10 3973 3983
17 2012 2030
63 2043 2112
69 1464 1535
22 2525 2547
52 2664 2719
44 1942 1988
62 1779 1845
44 1799 1844
59 1683 1742
83 2125 2210
88 2145 2235
45 62 111
20 0 20
51 1785 1839
54 1388 1446
31 2086 2119
63 2085 2154
100 248 357
89 1873 1968
41 2707 2749
62 1617 1682
41 786 831
61 4474 4541
35 2947 2983
26 937 963
53 1503 1561
60 2774 2839
46 135 182
101 876 977
50 3073 3123
53 2861 2918
55 2816 2873
63 1845 1911
90 1273 1363
55 1707 1763
32 696 730
49 1970 2021
47 1441 1492
45 1083 1130
59 2248 2308
65 2742 2810
66 1607 1673
70 395 470
57 2141 2198
100 1292 1396
71 2604 2678
25 2934 2959
47 1122 1171
98 2696 2800
66 2535 2601
97 3195 3292
40 1391 1432
20 4272 4293
49 1417 1467
60 1867 1931
94 2247 2344
6 1522 1528
62 1353 1418
69 3251 3324
65 1398 1463
64 14 80
29 2680 2711
65 746 811
44 3348 3394
40 2045 2089
97 2256 2355
65 1591 1657
69 2213 2283
11 2450 2461
71 1804 1880
21 2074 2095
36 2266 2302
23 1006 1030
70 294 364
65 2858 2923
57 1115 1175
45 2111 2156
5 3788 3793
23 930 954
47 1123 1171
60 1593 1653
42 1699 1745
87 2698 2792
49 475 527
20 2246 2266
83 156 245
51 1896 1950
23 2520 2544
65 210 277
18 4522 4540
85 531 618
44 1243 1287
14 925 939
29 1505 1535
41 3139 3181
21 576 598
57 1903 1961
25 2857 2882
68 743 814
58 2919 2980
97 3309 3410
33 1884 1919
19 1151 1171
99 2569 2672
51 975 1029
57 2143 2204
44 1060 1104
99 1072 1172
67 1508 1580
52 1155 1208
21 3364 3386
84 1620 1704
59 2828 2892
68 948 1019
40 4264 4308
64 2083 2153
27 2010 2037
54 1292 1348
56 3485 3544
66 2461 2528
14 945 959
71 470 546
101 2930 3033
25 524 549
92 1280 1375
70 2107 2178
48 3009 3060
95 2995 3090
41 2645 2686
65 671 737
58 1632 1695
47 3098 3146
80 3686 3772
83 720 808
17 1384 1402
60 1422 1487
62 991 1055
92 1337 1436
20 517 538
14 1184 1199
71 1568 1644
65 3922 3987
71 1751 1823
89 547 642
29 1174 1205
49 0 51
83 496 587
8 4456 4464
85 2464 2554
64 2754 2818
26 2351 2378
60 931 991
36 2160 2198
8 53 61
50 1693 1746
51 1593 1644
57 2652 2711
52 4377 4430
59 2248 2312
59 536 597
57 3277 3335
50 354 404
68 2751 2825
98 2023 2128
64 1355 1425
51 1814 1870
10 795 806
49 1855 1905
26 580 607
84 1674 1762
96 2719 2821
58 2068 2130
90 3550 3648
63 1087 1151
59 2308 2369
60 2975 3037
64 1930 1999
53 538 594
29 3992 4021
7 4010 4017
11 1745 1757
22 3168 3190
33 973 1009
99 2102 2210
68 2029 2103
48 1429 1479
19 2168 2188
68 4234 4305
57 976 1033
48 2347 2399
69 772 843
24 716 740
65 3322 3391
66 0 72
40 611 651
31 2796 2828
67 921 990
59 291 353
50 2671 2724
92 344 439
40 3681 3725
60 1783 1847
63 1331 1395
59 1429 1491
54 1270 1326
54 3368 3423
58 3624 3685
55 3691 3748
5 581 586
5 531 536
69 31 103
48 1422 1472
51 0 55
82 1534 1621
89 556 647
26 3588 3615
18 2051 2070
54 263 318
96 21 121
13 1166 1180
47 2691 2739
10 582 592
66 1757 1823
52 792 844
44 3375 3419
70 2065 2141
23 2143 2166
12 2164 2177
46 677 723
63 2927 2991
44 1365 1409
47 926 974
51 643 695
59 140 200
85 909 1002
68 532 601
83 1948 2032
54 2257 2314
66 2720 2789
24 4287 4313
58 2207 2266
48 791 841
50 4039 4089
23 1201 1225
42 276 321
62 1364 1426
95 329 430
43 3590 3635
16 1212 1229
83 4582 4673
23 3434 3459
17 1952 1970
24 2724 2748
48 780 829
97 621 720
51 1228 1284
30 4321 4351
44 1685 1731
41 1858 1899
31 597 631
16 2016 2032
80 4488 4572
54 3942 3996
53 1063 1116
36 590 627
65 870 941
70 2094 2165
63 800 863
69 1907 1976
13 676 690
46 3381 3429
66 986 1056
