450
43 1270 1314
94 183 286
89 999 1094
44 457 505
10 1840 1850
69 1266 1340
51 1301 1355
90 2610 2706
43 0 46
64 593 658
18 38 56
5 1397 1402
11 1256 1268
84 3486 3571
52 617 674
81 1107 1195
49 3938 3991
71 693 765
101 1238 1342
48 5381 5430
41 1863 1908
6 5399 5405
52 1378 1430
97 49 148
21 65 87
47 4203 4252
17 3582 3600
29 1545 1576
93 779 872
59 3781 3844
71 2839 2916
65 3187 3258
85 0 92
25 2234 2259
71 2459 2533
17 2724 2742
89 129 218
81 1431 1514
28 4045 4073
11 1016 1028
68 1727 1799
61 3251 3312
91 1530 1626
71 483 558
64 5127 5194
45 887 934
92 2143 2240
68 4627 4699
66 1976 2042
101 3419 3524
49 5789 5841
48 1052 1104
10 2276 2286
14 3183 3197
17 5642 5659
57 4768 4827
13 4058 4072
60 1550 1613
48 4690 4739
43 1163 1206
52 4636 4688
14 2991 3006
55 2458 2513
61 569 630
49 456 508
97 2698 2801
66 1111 1179
43 2085 2131
21 4086 4107
43 4359 4404
70 381 457
30 3799 3830
64 398 463
42 373 416
58 1173 1235
55 4267 4325
65 941 1008
26 8 35
24 563 588
82 679 763
62 1787 1850
66 1114 1186
23 191 216
17 1282 1299
68 1577 1646
85 830 919
9 1067 1076
29 2486 2515
15 1902 1917
50 2474 2524
42 2102 2148
59 3531 3590
54 3345 3401
21 3702 3723
45 3977 4022
55 3261 3319
98 4122 4226
15 4099 4115
50 1243 1295
84 1853 1937
58 856 914
47 1006 1053
41 1225 1268
71 1098 1169
55 3034 3090
55 1032 1087
80 2666 2751
47 4731 4778
84 3576 3665
80 2471 2559
52 1338 1395
10 947 958
14 1742 1757
50 3716 3768
62 2252 2317
10 4060 4070
53 4897 4950
20 3930 3950
19 1755 1775
89 240 334
25 5174 5200
59 4583 4642
54 4146 4202
86 218 311
67 1463 1530
59 1125 1186
60 2075 2140
66 3756 3825
59 2799 2861
65 5775 5846
41 5353 5394
12 4123 4135
68 5424 5494
81 1215 1296
47 629 677
69 822 897
36 1089 1126
52 5324 5378
67 463 534
27 3764 3792
69 3699 3768
54 3415 3470
100 890 992
57 1377 1439
69 717 792
27 2507 2535
61 63 129
19 4767 4787
57 5797 5856
63 2009 2073
57 78 140
61 2253 2319
50 4419 4469
42 1219 1262
56 4831 4888
51 4602 4653
96 3386 3489
32 2966 2998
18 960 979
19 1669 1688
41 1174 1218
93 2221 2321
101 3452 3557
41 3818 3863
47 2400 2450
82 4619 4709
48 1753 1804
89 1134 1224
28 1026 1056
68 56 125
90 1823 1916
10 306 316
31 1210 1241
84 996 1087
83 1895 1982
40 927 967
56 1155 1214
20 2193 2214
29 2499 2528
52 110 162
22 297 319
70 416 490
82 1117 1204
61 3257 3321
86 2524 2614
5 1924 1929
42 3706 3752
49 5782 5835
54 3283 3342
53 1759 1814
89 843 935
56 656 714
34 2974 3010
63 244 312
83 1099 1186
28 1502 1532
55 2535 2595
91 757 848
47 1005 1056
10 2054 2065
53 1971 2025
83 2927 3015
48 1159 1209
69 2314 2386
94 305 402
42 3416 3459
44 50 94
54 1180 1238
62 800 867
65 2741 2806
88 1226 1322
53 1881 1935
68 23 94
19 1573 1592
66 4610 4681
46 2283 2331
28 76 106
16 1030 1047
87 5141 5236
64 1877 1942
93 5587 5689
15 3681 3696
13 2306 2320
53 1298 1355
60 3156 3221
56 514 573
71 2323 2398
10 2541 2552
40 530 571
66 1409 1478
47 4989 5038
52 2213 2270
9 1503 1512
40 1489 1531
61 1315 1380
57 5357 5415
33 3304 3340
13 2358 2372
49 1469 1521
91 2968 3060
100 0 107
35 3773 3808
60 3755 3818
42 2768 2814
46 932 980
43 2459 2505
35 4841 4879
48 2560 2612
85 3764 3851
100 3364 3468
61 514 581
40 2918 2958
58 1035 1093
43 2695 2740
62 138 201
52 1827 1882
93 1688 1784
52 344 399
21 189 210
84 389 479
28 2748 2777
80 3842 3923
14 26 40
61 2510 2574
52 2278 2335
48 2117 2165
66 408 476
5 2564 2569
6 5774 5780
44 1307 1352
49 3317 3367
54 3604 3663
70 3844 3919
92 3294 3393
14 2969 2984
96 1341 1445
57 3420 3481
48 0 50
57 455 517
83 1638 1727
58 9 70
41 2099 2144
12 4416 4429
21 3638 3660
9 2116 2125
70 4206 4283
42 4697 4741
53 5020 5073
28 1605 1634
59 2395 2457
61 5247 5311
58 3605 3663
65 2862 2928
54 3140 3199
61 2623 2685
89 2568 2658
59 5768 5828
45 190 239
29 2021 2052
92 3128 3225
94 100 203
56 1568 1627
57 125 184
20 2472 2492
60 3627 3692
26 968 996
60 446 506
48 5756 5808
10 2016 2026
69 1841 1913
61 639 704
60 1543 1606
45 3370 3418
65 2418 2489
59 1424 1485
84 3298 3389
42 2638 2681
55 2942 3001
80 5449 5536
28 2020 2049
7 3711 3718
14 1225 1239
49 559 608
68 1291 1361
23 3767 3791
66 1302 1368
44 3654 3702
92 2106 2201
50 2650 2703
69 1973 2044
69 1202 1274
26 4739 4767
71 1309 1387
27 1090 1119
56 737 798
70 432 505
60 1140 1206
71 2887 2961
16 5578 5595
50 1072 1124
47 3726 3773
59 1844 1908
10 3484 3495
71 2961 3039
83 372 463
49 1687 1737
47 3682 3729
36 376 412
62 1214 1282
56 304 363
5 2842 2847
51 1701 1754
70 1591 1661
24 4162 4187
58 3047 3109
56 1655 1714
60 4292 4357
65 568 634
55 2347 2407
68 1890 1962
69 2428 2500
48 3839 3888
23 294 318
32 2065 2099
45 611 656
47 460 509
54 1354 1412
14 691 705
8 5653 5661
55 5730 5789
53 1763 1817
44 1593 1637
46 2011 2059
45 502 550
67 855 926
20 5030 5050
34 3107 3141
59 2348 2407
69 5269 5339
68 1721 1790
55 2134 2189
20 3258 3279
34 874 909
61 1911 1974
98 1127 1228
64 5377 5446
80 4620 4702
44 3234 3279
85 787 879
6 235 241
43 3117 3162
10 5446 5456
50 5533 5586
56 3689 3749
19 799 818
46 3795 3843
42 3516 3558
61 3630 3693
45 1124 1173
66 0 70
63 1275 1344
26 584 612
53 5401 5456
45 0 49
48 2557 2605
5 2818 2823
68 631 700
55 3807 3867
68 431 505
35 1569 1606
9 1499 1508
67 3557 3629
99 1317 1424
58 456 516
50 2305 2355
46 4646 4694
21 474 497
20 2536 2557
54 2387 2443
49 1760 1813
58 1638 1699
68 5188 5259
26 1674 1700
45 1983 2029
55 2207 2265
54 2072 2126
13 3313 3326
48 3567 3618
97 589 687
35 725 763
46 1123 1171
40 950 994
46 2868 2916
59 163 227
52 2787 2842
44 3775 3822
92 2287 2382
15 3478 3493
43 2598 2644
23 5652 5677
60 372 436
70 1414 1486
41 1735 1779
64 5262 5332
31 1012 1045
57 2472 2531
66 3612 3678
21 2590 2611
61 4970 5036
60 119 183
