100
27 261 320
20 508 547
57 40 124
21 529 554
33 3 56
5 277 282
32 522 567
10 591 605
8 110 118
38 43 83
54 20 143
36 554 592
29 449 479
4 32 36
25 40 92
4 308 315
29 206 247
17 146 163
34 478 553
23 10 66
2 85 87
28 12 53
24 450 479
41 307 353
10 318 332
42 299 345
24 386 445
8 62 72
25 41 73
23 205 234
31 681 717
53 172 248
20 162 185
59 107 225
17 477 498
31 630 661
14 350 368
28 230 262
30 196 233
38 9 75
51 678 745
39 401 464
59 148 220
32 440 490
31 83 122
28 80 110
52 16 130
40 246 297
45 24 91
36 221 267
1 388 389
29 280 315
27 631 684
25 326 366
21 257 296
50 582 641
38 270 349
27 301 343
31 89 125
34 299 376
33 154 201
25 425 478
24 70 98
8 600 609
24 184 219
44 17 77
28 392 430
21 199 240
13 260 279
7 193 203
51 168 226
30 148 218
3 98 103
31 244 320
24 234 260
20 35 57
18 322 342
28 241 281
52 291 383
24 287 326
38 0 56
36 594 631
36 16 55
16 239 268
38 351 393
16 63 86
20 522 567
30 25 67
11 317 329
32 208 253
20 550 575
26 384 421
11 45 58
20 459 481
39 406 448
29 229 264
29 22 81
12 26 40
19 630 673
2 536 539
