400
28 1943 1982
34 1183 1227
11 639 657
28 1210 1251
46 1 55
27 1342 1376
12 114 138
14 2153 2172
23 88 138
22 207 235
26 932 965
6 798 806
9 1019 1032
12 476 498
39 568 650
33 1579 1626
9 460 470
7 2685 2695
26 1290 1322
53 1386 1447
37 2802 2841
57 130 199
36 186 237
3 597 600
58 417 501
32 1221 1299
28 831 867
32 1083 1120
26 1767 1793
34 128 174
48 2134 2225
32 641 693
44 338 391
52 1655 1771
20 754 794
44 2695 2801
23 2258 2313
17 1205 1232
56 2214 2292
1 123 124
55 167 243
12 189 202
20 1448 1470
59 131 246
27 1074 1102
24 11 64
41 667 718
27 567 595
24 2306 2331
49 1735 1803
35 91 136
5 2277 2287
37 1866 1926
35 473 523
24 2701 2733
39 166 244
57 712 795
24 2326 2350
39 1098 1153
39 2828 2896
28 390 447
46 1474 1521
25 937 978
32 31 93
53 1030 1108
7 2760 2767
39 2686 2731
16 1743 1779
36 101 145
33 505 584
35 37 119
57 4 62
9 1843 1857
1 2583 2584
31 557 610
43 52 151
56 2156 2237
14 2983 3003
10 1209 1222
42 2510 2594
33 1133 1171
26 208 260
37 579 646
24 1291 1330
33 1398 1434
57 1072 1199
35 957 996
23 178 207
55 2889 2968
34 871 921
21 1554 1589
24 2215 2273
52 330 387
37 134 207
31 571 602
9 526 537
38 1399 1438
29 2977 3021
57 111 174
56 114 183
19 643 676
48 1103 1188
39 99 154
33 1789 1827
37 337 389
26 125 159
4 1475 1480
16 53 83
6 497 505
31 1547 1621
20 981 1009
35 938 975
29 1155 1200
45 2612 2668
15 1414 1444
56 122 257
21 1399 1420
34 741 780
23 23 49
27 2214 2251
23 1060 1109
4 477 481
39 17 75
34 762 815
37 2556 2605
19 226 260
22 300 322
49 864 933
22 456 483
18 1551 1570
48 241 348
30 532 584
53 2013 2110
19 82 110
29 69 100
28 2054 2090
45 771 846
15 1371 1402
5 1004 1011
15 1093 1129
41 54 101
51 2277 2342
20 142 165
20 197 220
19 732 768
28 1748 1797
52 1192 1248
3 1182 1186
25 2862 2887
22 704 745
20 915 963
31 2416 2483
33 1257 1317
59 2792 2893
24 2172 2215
26 1651 1682
27 516 573
26 75 125
24 1983 2028
38 1611 1651
36 2384 2425
37 1336 1388
56 2003 2098
35 22 71
28 1038 1067
44 2663 2743
40 132 188
9 965 976
20 1325 1353
15 547 569
6 1298 1308
27 2502 2529
25 762 795
28 958 992
52 2805 2924
21 1190 1228
14 1777 1792
37 2313 2361
34 758 806
11 2163 2175
54 257 387
30 315 349
18 2232 2251
33 856 893
17 1028 1050
42 685 777
39 160 223
54 84 153
11 1594 1608
16 2928 2949
28 1180 1238
32 62 103
50 638 701
51 2001 2089
33 2916 2990
2 805 807
22 2363 2386
6 289 297
22 2056 2080
39 104 144
55 2482 2555
33 1392 1432
31 1798 1870
5 2276 2283
48 2684 2750
43 43 100
16 0 36
54 1409 1471
30 975 1010
57 2205 2270
21 838 880
21 165 191
23 928 955
26 2228 2257
57 1489 1561
25 941 973
41 2026 2097
54 1275 1408
7 1029 1044
1 730 731
23 114 162
34 52 100
31 145 181
28 2245 2280
8 942 951
28 134 166
54 591 645
37 1388 1473
26 605 631
11 2803 2821
29 11 69
26 89 117
28 1296 1331
34 1028 1079
5 745 751
22 949 990
52 1615 1733
7 1818 1825
35 8 44
29 1017 1079
58 19 95
15 2502 2522
32 1445 1503
26 12 43
58 1906 1964
35 422 458
37 151 195
3 108 111
52 95 189
15 983 1000
12 957 982
27 511 577
4 5 10
49 936 985
34 1907 1979
15 1085 1110
15 1237 1259
31 2116 2155
3 37 42
19 1093 1138
22 1376 1405
23 185 233
21 1426 1448
23 600 630
21 1024 1048
36 75 118
51 2039 2110
38 2206 2253
39 2819 2866
36 1198 1246
50 1008 1101
26 1732 1765
24 1628 1677
34 1160 1207
40 2133 2187
14 2175 2195
47 1199 1262
29 1243 1274
52 78 132
11 1202 1216
3 176 180
44 2360 2423
43 454 522
30 1313 1377
25 2445 2495
23 2526 2582
37 2005 2059
37 2773 2828
33 887 923
55 1724 1784
52 1115 1233
36 7 77
47 1018 1107
21 145 171
28 725 774
35 153 191
25 1022 1052
4 1003 1007
21 1114 1158
34 1341 1389
34 1428 1494
50 11 69
38 2799 2886
20 168 194
32 1686 1723
20 2613 2654
2 180 182
25 1225 1262
25 490 543
20 878 909
38 683 737
25 85 118
5 901 907
37 2333 2379
27 2813 2846
29 1966 2008
53 277 331
21 151 175
17 2505 2522
36 1038 1121
30 576 637
44 7 106
23 1236 1265
39 1 47
43 2170 2229
24 2339 2367
29 506 536
36 2832 2903
6 891 897
38 1339 1379
23 808 842
15 1371 1398
15 2309 2334
21 115 139
27 2946 3005
20 1168 1197
39 2735 2818
12 2495 2510
33 870 930
39 1196 1237
15 2258 2274
38 658 700
7 37 53
53 916 973
33 1282 1316
4 1019 1024
20 1055 1087
37 1790 1836
42 1471 1537
37 370 407
22 2346 2375
16 740 758
46 1318 1410
33 166 205
52 2119 2188
29 1548 1587
24 1396 1424
29 1511 1548
29 698 738
29 2067 2100
38 2641 2694
38 895 943
31 956 1032
48 492 552
39 533 573
32 254 294
21 2035 2058
26 1425 1451
20 361 384
29 2019 2066
36 6 83
20 1500 1523
19 204 241
6 2457 2463
23 1107 1140
35 148 220
33 959 992
57 2006 2090
25 1958 1983
33 173 230
22 709 732
11 2854 2866
30 1241 1314
14 72 91
39 119 170
24 120 153
36 251 288
25 901 936
11 1393 1404
58 1253 1384
53 1548 1623
58 1353 1443
30 128 174
28 1471 1538
22 57 87
24 1236 1264
25 368 398
38 28 99
27 290 344
24 2859 2887
