50
26 142 168
32 22 54
24 90 123
34 178 235
27 185 212
38 2 43
33 209 245
17 348 373
51 7 133
26 173 200
36 20 68
24 266 292
31 309 351
20 176 198
32 173 246
58 82 174
37 349 400
21 165 191
39 128 169
59 141 215
46 4 52
35 52 107
38 276 368
51 207 293
8 275 291
21 131 162
37 76 115
23 37 60
35 264 325
1 31 32
52 145 206
33 83 120
19 49 76
32 324 368
21 2 24
32 7 40
33 49 88
43 105 164
33 69 118
10 112 123
38 245 335
34 139 222
29 223 294
25 24 61
23 349 375
27 59 86
23 17 48
36 24 64
24 0 26
30 133 167
