500
57 922 999
23 1460 1512
38 200 251
25 71 97
37 374 423
23 187 216
29 242 280
5 329 336
31 2112 2156
32 628 673
26 1512 1543
22 175 206
23 3153 3186
34 2514 2573
45 1590 1690
19 2234 2253
32 2221 2269
16 1233 1250
52 1551 1611
12 454 468
5 2974 2984
12 1310 1326
54 3339 3435
47 242 302
26 2430 2466
32 3238 3313
31 773 811
24 1685 1734
56 3104 3188
15 1556 1579
25 3437 3467
25 87 134
29 518 559
39 626 668
30 1788 1827
40 121 162
28 1899 1936
2 1684 1688
20 3500 3524
36 191 242
4 1518 1522
14 576 594
21 1270 1296
50 66 162
22 2702 2746
24 1759 1785
59 3128 3210
2 1610 1612
21 69 111
34 2553 2612
36 2651 2698
27 1588 1647
1 2973 2974
17 497 519
20 1324 1344
39 415 508
34 634 689
21 1460 1484
59 953 1091
27 1299 1330
28 140 177
5 3451 3456
25 1644 1704
59 1139 1198
36 23 73
26 3339 3373
47 156 230
24 473 509
1 3117 3118
23 1742 1794
23 259 292
41 1723 1777
24 152 176
9 227 239
41 20 106
43 2846 2891
36 1189 1228
51 1134 1211
26 1362 1409
21 147 172
53 1723 1784
23 3510 3554
12 2109 2122
1 1852 1853
2 1534 1536
33 1395 1440
52 2234 2328
28 737 797
23 1961 2017
37 60 108
32 1736 1794
28 1051 1081
39 815 857
15 1199 1221
35 1285 1325
27 1060 1109
30 2087 2127
32 569 629
34 178 228
23 3017 3058
22 46 83
24 252 306
11 644 656
31 1032 1078
23 1551 1598
39 3038 3080
54 1140 1203
44 1142 1201
32 3177 3225
54 2497 2551
21 129 150
25 577 614
2 1339 1342
34 2135 2202
37 1645 1694
25 1273 1302
59 209 269
20 650 682
36 22 69
21 2260 2291
8 2257 2268
22 58 82
26 58 86
35 3028 3074
2 339 341
38 3154 3200
57 1049 1127
50 127 196
27 1327 1355
21 171 192
39 2765 2824
15 185 200
28 458 491
27 103 140
2 2647 2649
58 1963 2048
25 1449 1478
39 514 563
30 1118 1158
11 2265 2280
50 2642 2695
33 68 125
23 219 252
28 3635 3671
34 722 769
3 3468 3471
6 690 696
29 83 120
36 166 221
59 1354 1434
37 3465 3513
19 3507 3539
10 953 967
56 1792 1854
47 405 456
52 1612 1720
59 209 287
10 298 308
27 2029 2092
20 420 443
41 202 287
33 1400 1469
38 1745 1834
29 1772 1802
37 1618 1708
54 53 148
50 2396 2451
30 37 84
29 1693 1741
33 644 690
22 1265 1302
10 194 214
46 2039 2145
34 3350 3389
3 1957 1962
37 1841 1919
34 882 938
38 1942 1984
23 137 168
46 430 478
27 1348 1377
37 1516 1579
27 164 198
29 3393 3441
53 1520 1576
22 842 870
33 1692 1745
29 2954 2988
27 303 368
38 2543 2616
13 3001 3014
8 184 195
25 2599 2629
48 495 564
28 1341 1370
8 181 191
36 1751 1832
21 1329 1353
36 16 52
15 167 188
52 3620 3692
39 0 73
22 1811 1845
58 757 865
22 350 388
26 3050 3097
28 2038 2075
14 1446 1475
41 1919 1986
36 2430 2479
22 561 602
1 3236 3237
13 173 189
28 69 127
34 3438 3484
30 2214 2258
47 790 862
24 1729 1758
23 1254 1288
13 3451 3467
28 2839 2907
33 1252 1321
26 2520 2568
48 37 101
34 200 248
37 1611 1653
53 850 928
23 2119 2151
35 2482 2528
38 68 124
35 1548 1586
7 0 15
34 1080 1130
39 1829 1921
3 2530 2534
32 1492 1532
23 796 838
34 2905 2942
38 88 174
53 1181 1248
38 1359 1449
30 1538 1582
35 3660 3707
41 1447 1502
28 1679 1727
55 2658 2740
57 2546 2641
8 490 501
50 3459 3515
26 2728 2760
30 56 91
29 2305 2348
33 2929 2970
26 159 194
45 129 194
43 2513 2558
28 1282 1311
23 2839 2868
25 1755 1792
23 2240 2280
1 3498 3499
2 2853 2855
43 225 271
21 935 966
25 49 80
23 1936 1978
28 167 199
26 149 177
51 1352 1406
2 2998 3000
31 3299 3335
10 2202 2214
28 3408 3457
19 3331 3351
39 1271 1319
29 1614 1669
37 322 359
38 903 974
9 842 855
24 103 137
34 2000 2050
46 2979 3080
26 219 255
30 91 163
30 116 183
6 118 129
16 2843 2865
34 3494 3558
3 125 129
27 1751 1779
37 1239 1289
27 884 918
21 1939 1966
37 232 284
32 637 711
21 1471 1493
25 3087 3119
57 645 737
47 1163 1232
12 1180 1194
49 1419 1482
11 2988 3008
27 1736 1784
38 2178 2221
26 89 118
39 1493 1586
38 1185 1231
37 1639 1688
16 2348 2375
2 797 800
45 1439 1493
2 1839 1841
4 1847 1853
39 2595 2661
37 1276 1338
32 58 97
38 1822 1867
28 2172 2219
35 2767 2817
21 1347 1369
5 601 608
16 132 155
8 218 226
3 1957 1961
39 95 167
22 1169 1201
34 1360 1407
7 113 128
13 324 351
24 323 360
29 1685 1719
23 1369 1401
24 898 951
34 2765 2831
59 1282 1357
30 1787 1831
22 2868 2896
5 773 778
31 1626 1676
26 1961 1987
20 2140 2172
9 1246 1258
36 1326 1367
38 609 662
21 1270 1291
26 275 308
7 3512 3519
23 1488 1512
38 962 1011
46 174 234
34 592 636
22 26 53
59 2420 2561
7 187 201
27 1584 1622
35 161 212
34 325 359
20 1726 1749
36 848 893
36 2797 2847
58 1783 1846
57 119 202
27 1778 1810
44 450 499
31 3574 3644
39 1868 1922
31 672 715
33 49 94
34 980 1039
28 3648 3680
32 398 439
22 3617 3646
22 3639 3662
23 2814 2848
9 3107 3120
10 2355 2367
45 3061 3118
52 658 749
55 1389 1445
37 1186 1226
33 211 255
35 2975 3015
18 642 678
39 1711 1800
23 3100 3153
43 548 632
22 2353 2376
30 2338 2390
34 1644 1724
51 1481 1533
20 395 415
29 82 113
29 599 653
9 146 157
36 122 161
47 3150 3251
27 1679 1706
22 1378 1407
15 45 60
28 1488 1522
12 1849 1862
22 384 413
31 886 929
51 1608 1685
28 195 230
26 1780 1819
25 486 536
38 1379 1422
4 1690 1698
39 3078 3135
30 1685 1746
31 2322 2367
35 1040 1092
56 371 428
32 1650 1682
32 1300 1354
15 3545 3567
38 2021 2075
32 1457 1489
8 3488 3496
31 3631 3663
37 907 955
31 148 192
18 138 156
25 1247 1284
33 1457 1500
47 2603 2660
47 542 645
39 181 235
31 1335 1368
34 3239 3277
20 1835 1859
52 2855 2909
20 1182 1227
31 403 434
59 1564 1658
38 3226 3309
14 696 712
18 2050 2072
33 1327 1393
28 74 106
33 2890 2935
41 183 224
54 1075 1137
36 201 248
22 224 251
41 145 196
24 2761 2788
31 2354 2398
33 1680 1756
26 135 167
36 272 314
39 1571 1623
23 681 711
13 1397 1423
22 134 160
36 1308 1363
12 2540 2553
22 110 164
47 897 951
20 2579 2624
37 564 604
36 465 510
25 1501 1541
1 1095 1096
38 3456 3506
53 3043 3113
18 72 98
32 541 584
33 3145 3187
39 1505 1587
22 147 171
8 734 745
2 886 889
20 1574 1600
12 1779 1793
37 1657 1719
46 24 127
21 239 268
26 2766 2812
20 1495 1523
20 842 875
48 1551 1603
21 3486 3514
23 1494 1524
29 1030 1067
17 2511 2532
55 3306 3440
35 5 82
22 481 510
32 1576 1618
41 1333 1394
36 1 47
45 1132 1183
30 3540 3571
33 2586 2620
18 175 193
58 1838 1923
33 1765 1813
27 177 240
