100
34 28 183
43 75 166
37 121 186
11 34 145
65 90 180
76 121 246
31 105 210
76 0 152
23 10 54
85 78 179
58 28 131
21 93 207
2 105 127
94 86 257
59 66 132
27 88 201
70 23 115
47 71 217
30 3 121
46 120 172
49 21 148
49 93 192
82 34 140
44 80 137
64 28 95
61 8 75
23 23 77
9 30 44
83 15 116
71 54 163
78 15 110
48 28 88
73 9 92
5 49 67
76 94 269
20 25 95
79 33 134
22 94 178
32 8 52
99 33 176
8 38 89
3 90 111
29 45 106
63 107 211
66 103 192
42 92 154
30 59 144
47 117 245
29 39 168
48 41 187
21 87 125
88 35 248
83 87 171
92 122 280
83 14 185
33 14 58
51 34 110
7 59 113
45 26 106
99 13 117
50 110 180
34 109 147
12 75 183
37 106 158
58 78 228
42 76 184
60 112 174
46 120 213
48 42 120
24 61 125
79 34 145
15 25 105
28 67 101
64 83 191
38 0 145
91 35 178
85 46 230
48 77 155
14 68 127
46 73 172
59 94 185
90 39 162
60 33 106
26 62 95
32 56 129
15 105 133
48 22 148
29 119 186
95 21 137
88 2 161
43 27 80
99 112 244
88 53 149
40 86 167
9 112 129
36 67 152
72 111 230
9 25 40
41 64 112
50 107 201
