200
34 77 200
50 156 238
66 113 279
81 23 216
46 150 253
15 51 92
84 38 220
58 107 167
35 172 247
38 147 201
92 170 264
47 23 117
9 132 150
11 19 39
71 50 233
68 36 143
3 36 101
85 116 237
9 94 173
33 34 127
63 30 106
55 112 171
40 75 237
96 164 270
94 104 201
57 61 205
76 165 253
87 80 202
31 25 76
12 120 164
63 15 141
52 141 245
58 42 126
4 67 71
49 0 50
61 122 235
38 51 103
18 57 75
89 90 205
20 136 165
58 96 154
48 159 238
89 34 148
14 18 91
55 142 203
19 140 163
96 7 171
17 155 246
69 13 160
56 110 184
46 142 278
58 27 120
85 127 222
97 2 106
30 28 76
96 141 244
22 122 153
27 102 180
59 35 102
61 172 255
15 112 144
95 20 128
13 3 62
34 50 155
38 58 115
10 157 210
31 120 161
13 39 84
69 112 215
81 155 238
92 72 184
30 18 107
30 157 237
69 81 208
58 112 241
43 74 133
78 43 145
67 135 205
95 163 269
3 83 197
98 116 274
13 49 89
66 2 104
77 18 162
76 61 162
22 132 172
8 6 41
13 62 199
70 13 156
90 13 104
61 25 121
31 174 278
52 19 93
13 25 67
97 142 259
17 21 94
56 160 229
6 115 168
20 66 205
20 134 202
54 65 209
49 11 65
99 84 281
16 142 190
55 102 193
49 78 128
96 121 265
63 50 115
17 75 123
61 49 135
97 23 136
30 98 169
93 74 177
65 69 142
92 14 187
15 139 166
44 109 253
55 116 241
60 96 173
52 16 87
47 77 145
68 48 151
45 114 175
20 120 196
36 41 104
98 21 120
78 86 171
86 128 214
7 73 88
23 175 211
30 116 184
1 173 275
98 9 108
94 18 129
94 27 137
2 141 166
38 167 337
93 50 193
82 114 231
82 166 249
53 12 66
16 73 160
88 148 319
12 66 99
98 47 152
52 64 133
18 142 212
3 142 174
25 48 81
44 100 173
2 103 107
19 81 103
55 97 161
40 137 211
37 141 184
16 25 58
59 11 197
70 161 293
92 174 275
49 151 220
75 80 270
59 62 244
6 41 82
57 39 171
78 8 124
8 7 51
45 161 231
1 2 42
25 70 104
12 43 105
76 36 132
74 165 282
81 112 221
38 113 166
81 154 243
84 71 193
39 102 162
12 122 139
88 159 275
61 155 216
57 53 204
70 66 233
64 23 168
81 93 210
25 152 211
20 93 163
17 138 178
86 170 271
21 157 282
23 130 264
49 62 112
53 136 215
21 171 260
77 40 117
74 49 170
78 76 165
96 6 162
21 16 75
62 139 234
84 41 146
