250
30 195 310
73 119 227
50 166 278
93 132 240
50 55 178
3 173 183
40 27 98
22 94 209
56 165 221
79 86 173
66 132 202
89 45 167
87 65 190
72 140 213
58 101 247
61 39 120
67 92 234
18 139 168
63 153 298
27 145 184
89 177 347
71 49 145
48 104 182
79 77 162
29 45 146
14 127 179
85 31 158
86 30 133
36 138 271
47 1 60
91 55 148
25 119 205
7 137 264
89 46 150
8 159 186
60 53 171
86 137 273
50 181 300
14 68 123
13 138 154
78 51 141
19 146 208
17 145 193
1 121 186
37 146 310
81 195 296
48 152 204
97 59 160
4 178 303
57 14 86
5 159 210
37 5 51
3 128 148
99 195 332
51 164 238
47 3 59
60 81 175
27 17 74
41 190 246
32 47 137
1 137 141
87 100 209
56 63 196
61 167 234
76 122 221
95 90 191
48 157 210
73 62 137
55 8 99
25 129 157
64 164 248
34 105 152
92 99 262
20 25 63
5 42 114
26 124 176
13 172 231
68 31 169
58 136 308
53 4 139
1 73 169
70 185 284
18 161 225
19 29 107
76 181 285
7 150 173
21 150 183
66 127 203
43 150 228
7 103 171
51 155 212
1 178 181
97 80 233
13 53 95
28 163 209
21 104 137
28 166 197
87 21 143
34 69 125
77 158 240
91 151 244
89 73 164
16 108 201
57 48 115
52 161 263
18 192 214
74 178 280
1 10 17
37 5 69
51 56 108
42 32 101
90 176 372
96 17 116
5 95 161
54 32 149
82 41 137
10 21 35
84 108 208
72 119 204
71 69 174
30 164 196
54 165 229
45 16 126
23 101 147
98 162 288
38 24 93
10 167 207
28 95 195
89 171 266
89 157 265
68 172 241
88 32 153
66 186 258
13 2 70
52 21 95
1 190 219
89 70 191
48 31 94
90 77 168
86 19 107
44 83 223
99 148 309
70 179 316
34 181 256
63 123 214
47 8 95
82 38 129
20 20 125
70 101 265
73 41 136
94 30 134
11 80 104
55 193 250
2 42 109
25 156 186
95 14 146
18 98 129
32 170 251
15 187 225
74 5 109
55 106 200
81 58 230
54 91 210
30 189 223
89 4 119
44 183 274
1 186 235
60 77 219
63 135 206
46 132 213
37 137 235
15 14 29
54 108 277
1 74 108
25 131 199
47 187 259
83 24 108
82 170 368
89 68 197
7 18 94
1 187 189
77 117 312
73 48 238
58 123 243
17 147 164
62 58 170
25 182 211
20 33 81
78 79 163
52 144 212
49 49 209
3 96 153
48 31 135
9 12 35
22 81 124
9 18 140
16 134 168
15 102 131
22 58 108
53 67 127
83 45 152
32 41 85
88 162 265
90 156 253
79 6 93
91 44 145
88 28 131
1 129 140
15 114 148
41 99 193
59 98 236
31 146 235
33 88 175
13 107 137
13 72 93
12 187 240
55 12 96
38 168 323
35 163 255
47 167 235
72 175 267
59 74 184
59 38 145
43 46 98
97 149 332
32 49 130
63 149 236
78 130 238
23 69 101
32 117 150
71 116 230
84 196 294
65 9 76
39 137 181
21 154 187
88 105 211
41 51 102
38 192 246
22 63 125
99 42 143
26 93 119
49 100 154
39 102 174
35 109 147
95 118 250
34 42 160
92 46 186
42 172 308
54 183 334
5 23 102
