300
79 100 198
58 57 175
80 30 123
50 75 139
52 120 172
30 85 137
20 94 118
47 0 124
44 115 167
47 137 212
59 170 296
47 174 226
35 20 72
79 28 109
27 133 161
79 73 153
29 31 122
22 67 163
57 176 291
74 14 119
73 26 132
47 74 172
84 83 217
55 156 236
57 110 179
30 113 195
5 168 248
12 167 195
21 67 88
83 145 228
82 79 186
11 163 177
44 122 177
76 9 127
18 79 105
21 18 45
64 55 197
40 114 155
54 136 217
30 33 87
85 31 143
64 83 149
40 19 101
43 44 87
2 30 68
7 13 65
17 80 158
65 129 276
97 203 307
43 161 243
40 94 187
69 58 178
70 82 155
38 30 82
80 116 206
79 86 219
47 123 193
27 86 238
12 96 129
54 178 318
78 1 114
63 80 154
57 205 282
37 9 59
4 107 192
44 78 131
71 52 189
40 50 201
74 139 214
58 189 313
59 41 193
94 83 237
96 22 148
47 38 111
65 119 282
20 76 189
2 6 56
5 59 100
75 104 247
75 66 145
27 180 244
48 159 248
67 3 103
74 190 278
47 75 145
74 178 336
29 32 107
56 77 134
5 54 60
27 200 301
81 34 249
36 82 158
9 17 33
59 54 176
57 190 247
14 185 239
31 156 241
53 103 166
96 203 357
87 196 333
66 164 313
50 5 57
94 123 242
35 165 204
94 63 169
34 113 194
99 153 319
87 59 167
24 143 167
39 145 214
95 81 210
74 16 137
78 21 148
69 164 278
81 120 201
9 213 241
74 49 129
24 206 258
95 206 327
42 152 210
31 144 179
19 36 58
84 99 206
29 68 101
15 207 290
29 194 260
21 197 234
3 24 71
99 15 129
34 196 318
32 10 44
4 139 178
52 182 256
89 161 277
99 183 318
78 54 176
33 122 173
89 160 294
11 57 76
29 132 227
60 37 109
89 124 338
77 175 275
30 112 264
67 94 204
81 213 320
76 7 87
27 95 132
74 137 225
49 90 225
67 122 195
91 64 206
30 122 202
87 12 183
82 0 90
87 9 160
62 201 284
87 14 174
70 152 230
70 121 198
43 130 179
48 33 134
71 4 79
30 120 185
99 155 317
97 82 271
82 9 154
19 107 131
63 152 218
21 209 235
46 181 230
96 201 297
92 162 377
53 167 289
5 119 150
46 105 177
36 68 117
8 185 197
66 185 261
78 51 137
17 130 164
93 30 133
14 115 161
76 123 261
31 115 162
58 205 321
2 66 156
60 196 311
88 70 182
30 199 276
4 111 162
4 131 183
13 186 344
45 89 140
27 81 126
47 71 170
47 139 190
58 100 181
97 171 298
42 18 134
50 178 256
38 103 252
8 196 271
67 167 240
64 121 185
85 132 278
95 18 173
47 3 121
66 131 205
24 75 180
36 52 183
55 8 103
10 37 47
63 198 369
96 61 177
67 175 296
61 47 111
42 66 143
40 180 285
11 66 138
14 26 44
26 57 110
96 35 202
79 139 268
40 7 59
69 153 222
80 212 348
5 85 103
93 195 392
86 199 354
92 192 284
56 38 104
26 164 191
28 190 223
64 14 82
7 164 174
8 153 180
62 157 271
6 100 123
85 9 95
59 16 79
11 2 46
39 49 98
49 113 169
11 129 243
15 39 136
27 31 64
34 77 213
10 131 234
30 67 99
60 170 234
35 115 158
98 37 251
98 169 272
43 95 162
11 110 124
92 130 336
42 194 266
11 179 246
40 171 289
83 209 327
6 127 183
80 154 250
50 107 289
38 7 56
84 207 305
46 34 113
59 82 272
27 31 66
99 210 369
25 195 268
4 10 85
20 39 89
85 125 239
94 188 301
78 140 218
68 10 87
4 34 88
12 131 216
64 206 275
75 186 310
49 90 215
79 57 227
34 57 227
13 150 279
36 150 190
42 197 240
21 37 100
99 103 202
16 25 48
84 214 402
35 194 299
33 10 95
81 152 240
33 203 236
31 96 151
60 48 128
65 81 205
58 136 208
99 84 188
