400
49 179 281
70 176 274
82 43 133
57 185 316
80 58 235
19 146 169
84 207 318
48 117 204
87 130 236
10 131 170
63 88 221
62 238 318
57 81 175
80 8 185
48 243 326
6 239 330
8 233 284
71 48 191
36 196 266
98 29 173
46 221 300
49 159 218
62 29 105
6 105 213
22 27 76
64 27 153
2 183 210
84 37 223
25 215 250
67 10 141
31 172 245
20 177 245
1 65 66
63 204 306
53 245 402
95 231 376
17 112 146
6 196 252
97 230 369
9 170 199
86 69 171
62 131 199
28 146 209
46 89 164
58 44 230
63 172 241
58 24 82
44 140 200
40 112 268
57 234 329
63 136 303
52 41 97
39 104 146
10 22 36
74 156 247
25 52 87
98 172 293
74 48 138
70 202 359
3 91 123
97 157 258
87 9 152
53 52 147
86 7 142
58 148 209
22 182 258
43 156 207
9 120 133
62 50 156
86 138 271
37 174 285
55 154 232
46 247 298
42 31 89
67 147 221
35 154 193
33 71 110
63 246 310
83 109 207
29 221 265
8 40 67
81 55 136
76 47 213
91 161 282
28 205 235
19 81 101
64 204 276
21 62 139
69 117 201
79 225 316
89 147 264
15 5 41
97 112 225
13 160 182
94 104 202
94 9 116
15 243 264
5 90 125
16 147 211
62 142 220
47 126 180
75 16 136
18 194 213
16 223 318
38 240 304
24 218 331
13 69 143
2 142 170
56 118 188
17 216 360
41 115 216
74 157 315
87 191 295
85 87 282
90 14 123
36 118 182
78 16 161
42 8 105
63 11 104
76 118 196
51 178 245
71 25 101
57 152 237
41 26 73
93 178 274
65 212 295
48 12 107
55 100 160
30 78 135
15 249 323
44 183 304
84 146 238
53 19 113
9 55 152
21 168 200
53 36 92
6 132 173
82 22 104
59 76 171
95 240 335
74 107 254
76 172 263
54 11 78
24 131 167
99 234 365
66 215 281
52 22 95
25 31 59
40 149 241
1 171 235
45 55 110
2 124 161
37 105 224
71 32 118
99 9 123
1 189 195
71 249 410
40 41 123
30 199 302
27 4 57
90 176 271
99 198 303
89 178 289
45 162 254
68 207 326
96 217 326
38 46 87
13 181 248
34 4 128
5 235 279
19 208 351
30 136 181
27 34 77
95 113 214
13 245 367
89 213 320
46 75 250
17 228 287
91 8 132
26 32 84
76 98 237
69 221 334
57 193 256
2 84 167
1 216 234
52 23 92
70 71 253
90 19 157
2 131 182
77 51 211
14 151 185
78 151 262
83 36 167
27 148 221
79 244 347
57 173 261
50 174 253
96 79 188
30 154 319
68 145 287
13 190 261
69 190 260
73 243 371
52 149 219
39 241 301
3 194 202
45 160 293
23 18 69
83 72 175
77 247 350
1 108 162
10 30 141
47 8 120
55 53 211
77 206 340
54 85 189
65 153 226
73 130 265
92 196 294
85 86 210
83 167 285
64 102 296
62 231 295
72 215 300
92 146 278
47 134 199
16 111 147
32 4 36
5 230 247
48 193 296
34 236 335
93 182 283
18 103 129
58 144 211
50 212 280
29 26 86
35 171 317
90 108 305
56 48 107
53 9 117
87 93 221
62 1 71
44 47 118
99 109 247
84 25 229
40 207 255
26 148 209
74 240 392
94 142 289
87 140 229
85 150 237
71 8 104
22 99 149
48 224 367
19 53 72
52 205 295
86 174 313
62 16 128
58 241 335
29 228 293
62 26 92
98 233 394
10 124 142
74 106 283
80 74 204
69 59 132
77 227 341
92 177 290
50 135 290
31 58 115
79 48 131
35 222 261
59 41 128
84 124 233
10 45 60
40 197 267
84 76 244
30 19 74
88 183 345
90 166 260
43 38 117
83 227 314
48 196 334
82 154 290
34 189 262
24 199 228
51 206 285
61 103 231
95 74 184
39 142 226
29 55 130
33 30 108
40 221 276
90 197 387
85 150 324
7 148 170
7 124 135
11 59 73
30 241 285
70 134 259
77 129 208
39 107 207
12 72 105
42 107 162
63 72 183
10 224 246
3 221 295
82 26 140
68 74 163
59 15 130
96 138 248
47 2 52
66 31 132
50 43 191
56 96 159
55 101 191
7 220 239
37 32 111
74 122 210
12 227 283
51 62 226
3 222 286
15 153 201
41 8 84
90 17 124
8 39 80
50 10 90
46 183 307
46 185 237
54 190 244
55 139 322
69 49 163
46 188 352
31 223 320
52 195 247
41 64 124
7 235 249
65 168 250
58 195 295
40 52 110
14 112 164
89 231 329
2 50 64
70 188 258
70 189 292
70 103 211
26 137 265
41 86 173
99 78 179
51 118 171
32 52 125
73 153 259
62 14 85
43 53 170
44 110 165
83 30 129
52 216 296
33 98 169
75 150 229
87 197 296
38 150 228
21 172 220
81 212 328
18 149 187
89 245 397
37 208 255
59 109 210
69 168 299
26 97 138
90 147 277
54 217 276
79 44 124
38 193 269
55 75 130
73 39 149
99 129 230
87 209 308
57 204 268
69 183 252
98 0 112
42 105 161
4 219 230
45 106 170
78 172 259
50 133 216
26 117 179
6 4 42
28 16 49
8 139 166
30 66 174
80 94 231
14 162 178
52 117 200
30 53 101
6 13 26
15 40 88
39 99 272
13 148 183
74 225 329
51 108 199
