450
80 15 130
98 10 118
64 161 325
90 6 153
70 45 115
92 4 110
19 6 61
82 201 287
41 187 253
88 162 251
53 166 248
81 211 309
48 195 309
30 9 41
13 119 139
36 42 185
9 164 193
34 46 105
30 237 300
22 144 170
44 34 114
55 102 229
63 17 168
58 129 296
31 92 140
66 45 173
17 85 189
61 110 207
32 245 285
52 2 58
26 171 236
56 26 83
33 186 227
97 213 402
38 130 172
94 128 321
76 167 257
42 179 261
21 42 138
21 214 286
94 83 181
4 120 162
4 109 153
80 123 259
25 43 100
8 77 168
4 164 172
18 47 68
1 224 268
53 233 292
52 98 150
82 236 351
3 129 150
87 56 164
36 105 160
26 215 262
84 116 203
76 52 136
93 31 124
2 110 121
65 76 170
57 209 287
48 78 195
86 257 346
56 185 247
4 250 370
51 28 96
82 201 290
31 5 38
39 157 235
88 170 258
70 254 331
39 99 215
65 250 347
15 12 52
57 117 182
20 236 372
13 209 230
84 255 361
92 244 392
85 11 100
55 261 324
55 2 68
64 185 297
94 82 180
24 244 284
14 147 161
76 145 247
4 248 270
83 203 327
76 61 141
6 264 338
66 11 156
79 103 226
86 97 323
18 54 182
65 196 341
14 17 70
30 13 50
5 76 82
46 133 186
36 96 160
62 215 280
75 219 410
21 208 230
82 13 101
39 181 297
89 88 181
52 233 330
97 64 219
24 110 157
29 3 116
19 207 281
98 155 316
6 151 181
88 217 314
54 94 165
53 103 162
47 107 169
52 263 382
34 67 102
25 213 291
3 262 268
88 159 280
31 48 138
7 154 172
89 195 302
6 233 239
74 264 400
99 101 204
80 13 100
29 212 313
98 168 292
95 5 158
7 256 284
71 112 257
54 49 204
27 152 299
3 195 217
12 228 253
23 95 141
93 122 287
55 19 83
35 27 131
85 159 253
21 173 196
53 119 195
92 223 315
5 119 139
64 39 193
76 50 204
85 173 267
28 28 61
16 249 299
9 131 174
43 181 291
62 62 179
40 218 292
90 132 247
41 167 216
65 239 308
78 65 212
27 0 45
77 114 193
11 248 344
70 194 310
51 128 264
88 251 346
69 75 169
38 137 176
30 106 233
98 139 238
65 260 420
22 198 222
72 240 316
47 91 160
10 226 283
76 250 326
95 56 239
53 54 113
62 2 111
21 102 131
34 201 243
23 201 287
84 220 308
22 170 310
9 263 280
68 185 264
72 104 194
63 216 293
69 254 388
58 151 212
79 26 156
84 30 143
17 12 145
56 196 261
8 144 152
39 22 154
99 250 390
41 109 153
27 205 250
3 220 235
54 153 313
20 231 264
52 103 195
95 227 355
33 38 88
73 110 277
27 245 292
95 1 99
1 264 265
3 232 266
97 92 189
43 147 223
30 124 188
92 131 284
93 32 136
36 123 159
22 206 275
43 245 289
57 145 230
32 98 145
47 123 196
93 125 312
69 35 109
94 14 126
70 111 222
95 15 141
6 28 40
25 166 218
39 76 128
40 129 190
14 109 202
60 21 128
79 34 165
21 101 130
25 124 242
57 224 363
48 110 159
9 154 266
86 114 264
37 157 254
50 66 194
74 41 119
90 172 362
4 27 68
22 118 140
47 153 201
97 259 376
99 179 295
91 183 369
34 147 210
25 59 148
43 118 209
15 111 165
37 146 265
41 190 350
87 209 297
80 81 207
26 102 244
59 215 325
67 207 285
62 80 158
72 188 264
65 180 247
97 220 351
76 168 329
26 51 80
48 93 141
77 127 227
61 203 295
40 38 95
69 177 278
66 167 234
18 87 108
99 164 311
86 208 313
62 63 126
95 130 267
64 249 367
62 179 297
40 15 74
39 175 243
67 110 206
5 119 135
1 183 295
60 95 208
76 156 287
44 122 250
71 238 339
70 208 334
76 204 338
27 74 136
15 29 149
88 0 140
95 236 335
94 111 224
35 122 251
71 108 257
13 96 160
48 26 79
24 150 175
3 66 105
87 55 142
75 61 166
58 110 282
73 102 213
64 229 333
85 180 266
48 33 125
32 127 165
77 155 236
17 172 294
21 11 120
63 109 263
28 264 342
24 149 265
53 246 327
38 184 265
83 132 264
91 207 298
36 235 277
50 126 202
43 198 266
94 261 355
61 2 71
94 158 275
9 174 225
85 193 322
30 86 169
77 205 288
46 31 87
36 37 125
18 8 28
98 133 275
78 12 130
66 202 319
94 251 346
42 217 267
41 210 267
47 206 278
1 243 245
87 189 364
35 126 190
32 252 333
69 168 305
86 204 383
16 82 159
1 79 181
3 202 259
36 89 182
72 205 329
12 107 125
85 247 336
41 52 140
63 127 218
32 248 339
29 78 120
73 219 313
63 151 226
61 151 253
53 2 74
22 39 77
60 264 372
43 193 262
38 111 200
9 93 227
21 255 324
20 192 248
74 224 309
97 220 329
93 238 423
85 102 273
52 54 123
56 115 200
25 3 74
58 90 203
32 219 272
54 85 147
63 64 208
16 17 135
87 175 292
28 77 110
89 243 364
60 59 131
56 120 185
97 123 323
16 101 124
18 98 239
91 64 155
9 148 176
10 0 64
65 195 291
58 100 201
64 124 246
73 19 109
50 8 88
21 229 284
31 231 272
24 144 204
92 225 351
77 177 282
35 84 128
33 246 281
24 89 114
84 240 355
97 74 201
6 243 262
47 71 170
81 154 362
95 103 203
77 257 335
68 160 291
47 134 182
81 1 101
32 218 262
63 187 276
13 147 222
19 109 128
39 163 213
5 255 320
7 80 137
28 156 193
8 36 117
28 70 116
68 187 265
28 202 238
17 186 261
9 48 163
46 249 350
83 101 203
1 46 57
44 164 236
9 172 242
68 14 88
48 93 209
11 11 62
27 35 78
19 249 294
35 249 289
45 258 353
13 105 176
16 151 230
54 188 337
83 156 242
37 242 279
73 66 150
94 28 123
67 263 363
17 69 111
