100
7 3 10
8 1 12
4 4 8
20 14 37
10 11 27
2 15 19
16 14 30
4 12 16
13 5 18
8 8 18
14 5 23
19 8 50
24 20 45
21 9 32
1 9 14
7 0 9
14 16 32
7 1 9
20 2 34
18 20 45
15 4 26
18 26 44
5 6 14
8 13 22
7 16 28
23 17 40
19 7 31
16 14 41
24 1 41
14 5 29
23 0 27
9 22 35
24 8 44
2 3 7
22 14 40
23 10 51
21 4 27
19 1 31
10 13 25
7 19 26
0 12 12
18 8 30
8 2 11
5 5 12
19 19 43
6 4 12
4 0 4
22 9 31
22 1 26
9 12 22
11 9 29
23 1 32
4 22 33
17 5 22
23 6 29
23 10 52
22 6 28
18 22 45
5 12 32
9 17 38
20 14 34
8 18 30
13 9 25
14 19 35
20 5 29
14 3 26
8 14 41
16 6 23
11 13 28
9 12 26
24 17 46
20 8 33
24 18 66
10 20 57
1 15 17
21 22 59
1 2 5
18 14 33
24 0 39
2 10 19
4 11 18
0 11 14
1 21 37
2 16 20
5 16 24
24 11 35
24 10 39
14 19 36
19 10 32
3 1 5
19 0 25
17 1 20
15 5 20
7 1 13
9 31 45
24 7 42
14 13 33
16 25 56
1 8 12
11 0 11
