150
32 8 42
9 11 21
26 23 50
13 2 19
19 2 26
27 2 29
3 7 15
17 34 60
16 13 32
10 25 35
1 17 21
9 11 25
24 8 32
10 0 12
29 8 37
20 26 52
22 7 43
5 5 13
31 14 45
10 5 21
36 28 64
14 20 45
31 11 42
19 3 39
6 18 32
36 1 38
15 10 37
19 31 66
32 9 56
28 6 40
21 33 64
20 21 49
20 10 43
22 7 29
4 11 24
16 6 31
8 11 22
25 11 38
16 22 59
17 16 33
4 35 52
21 43 64
10 0 15
25 26 51
6 5 11
18 33 79
6 10 16
9 31 50
18 20 57
18 25 44
28 27 68
4 18 23
2 29 31
17 0 25
2 20 23
16 4 25
18 1 37
17 9 32
3 7 14
32 7 45
30 19 51
9 5 22
27 32 71
3 36 40
21 12 42
5 37 58
34 3 38
15 38 84
35 35 99
30 24 56
24 22 64
7 25 36
35 25 89
29 7 47
10 13 39
32 39 76
8 2 15
3 9 19
20 24 50
1 18 19
22 27 63
25 26 51
6 8 19
0 1 1
33 43 91
27 16 69
24 8 32
32 16 51
25 23 48
33 30 71
20 25 48
32 21 79
27 19 54
22 3 45
34 29 63
16 20 41
32 23 98
33 14 69
23 22 62
9 12 22
36 26 67
25 19 51
11 31 44
21 10 51
36 6 43
22 15 48
9 13 26
3 43 68
36 3 44
8 6 15
26 22 65
34 1 56
26 46 82
0 27 28
25 5 38
4 25 31
18 31 54
0 3 6
7 7 15
30 4 34
3 12 15
23 4 36
8 26 34
6 38 73
8 21 39
1 9 10
12 39 83
27 9 55
11 20 33
16 17 35
3 26 29
18 6 42
30 26 64
33 16 76
27 22 57
2 28 41
21 35 64
4 30 47
27 22 51
17 29 75
17 2 19
1 26 43
22 43 89
21 27 48
15 21 38
0 25 43
19 45 71
32 18 99
12 15 30
8 15 38
