200
40 32 81
20 12 41
43 5 54
26 20 55
0 33 33
13 68 100
29 59 92
39 5 62
23 30 82
38 7 59
31 32 82
13 14 30
5 38 70
38 24 62
43 7 66
43 15 58
20 23 65
3 29 35
4 5 11
49 35 151
34 24 98
27 16 43
18 2 24
45 63 114
26 32 86
24 14 46
7 5 13
10 7 21
17 11 29
43 28 85
12 5 19
3 27 30
28 21 49
21 32 87
43 19 76
17 30 68
37 34 85
32 46 87
10 34 57
13 30 43
11 53 100
40 47 134
49 47 169
8 31 58
43 43 93
5 40 49
6 8 18
7 39 50
12 7 24
3 29 56
32 40 121
45 0 54
5 31 51
33 6 44
48 7 82
7 19 28
21 47 82
5 43 49
39 5 44
13 34 57
13 48 74
5 13 18
44 36 107
1 24 37
17 21 38
25 6 35
34 38 73
18 42 60
31 31 69
44 36 102
0 38 49
29 10 60
0 15 16
34 20 64
11 13 36
12 29 45
25 31 68
38 16 57
2 24 32
39 23 112
31 18 49
0 50 88
48 29 82
45 25 74
19 40 67
45 24 98
9 13 23
24 2 42
21 52 104
34 22 60
18 20 59
40 2 59
5 30 39
15 28 61
27 4 45
0 20 27
10 4 14
4 35 61
21 17 50
49 10 86
11 40 51
12 27 63
21 4 30
37 14 51
19 41 73
36 14 59
6 39 63
31 19 77
22 20 44
23 46 103
44 12 104
19 21 44
40 2 49
36 14 72
42 50 133
32 20 61
14 0 15
23 38 83
22 14 39
42 0 66
44 17 97
17 39 75
15 38 74
20 35 55
2 42 45
4 20 32
42 13 64
26 42 70
8 12 27
36 43 80
7 36 63
20 20 45
16 0 17
40 33 109
9 45 74
40 29 105
13 9 22
38 0 43
41 35 105
0 19 20
5 31 60
33 28 70
4 35 67
18 11 36
35 27 87
41 36 87
32 4 51
41 41 91
30 33 65
42 3 50
1 28 37
9 2 14
29 16 54
24 42 92
35 20 56
42 27 72
10 13 23
48 3 68
28 54 118
20 35 55
6 51 71
10 39 56
3 3 8
26 6 34
49 30 88
14 32 52
29 9 69
24 12 40
18 8 31
24 43 68
1 25 32
36 38 117
19 29 52
42 38 81
26 23 53
29 17 48
10 1 12
10 17 28
26 2 41
48 30 90
41 33 118
5 1 10
34 25 60
8 38 47
15 29 56
31 59 99
21 54 104
26 18 46
13 21 47
8 41 54
48 31 95
33 3 56
42 28 76
42 5 52
15 28 51
34 15 82
26 36 91
44 44 94
0 4 4
1 42 57
