250
36 14 66
28 5 35
21 25 50
6 9 15
45 44 113
4 41 55
8 16 38
24 11 49
60 11 86
51 43 94
42 21 94
20 16 41
42 4 76
48 53 124
1 45 53
52 43 157
9 38 49
33 25 75
54 57 144
51 18 74
16 3 22
27 23 81
8 46 73
22 22 58
11 60 101
15 39 54
55 13 70
6 25 31
33 40 82
33 13 66
44 25 74
21 46 81
14 37 52
54 34 103
9 34 64
19 24 61
24 44 75
47 16 65
5 33 39
38 52 146
12 53 115
7 45 67
18 60 121
59 53 150
11 67 80
11 43 97
2 47 52
31 18 52
0 54 80
5 19 25
0 44 61
50 74 235
15 41 60
54 15 92
22 45 91
33 68 145
58 79 192
10 6 17
35 10 58
25 26 56
56 25 98
18 18 38
19 26 89
48 25 113
9 15 27
53 31 123
50 28 78
36 4 58
32 37 121
34 14 62
23 44 72
4 32 59
59 26 101
25 22 58
54 53 166
32 16 54
31 20 57
23 10 39
4 47 51
23 42 82
29 35 68
17 39 70
44 33 101
38 8 51
58 18 82
2 48 57
11 47 87
42 23 72
0 14 19
4 3 7
27 49 121
26 48 93
32 59 105
23 14 43
41 49 136
29 22 63
2 36 38
47 13 61
50 65 115
31 55 132
33 5 63
11 53 99
1 49 76
0 10 18
26 51 98
44 3 72
28 25 71
56 54 111
50 5 70
37 39 87
35 37 131
31 21 66
43 28 73
40 13 58
39 6 61
38 18 56
30 2 33
60 35 95
54 17 85
15 26 62
32 22 76
29 13 53
17 23 42
14 9 37
11 23 46
34 23 74
43 42 93
54 55 119
19 23 54
22 34 56
46 20 75
31 66 100
36 9 48
35 30 66
39 24 79
37 81 118
5 10 29
23 54 92
31 29 61
50 33 103
10 18 33
7 27 63
21 67 117
57 26 105
3 2 5
36 9 47
54 2 72
8 3 13
11 20 34
7 55 92
50 48 109
36 44 85
20 46 91
47 36 92
41 1 55
33 13 66
12 62 114
14 0 20
10 35 63
48 12 79
7 45 66
38 9 53
7 38 64
21 27 60
23 50 82
51 7 80
2 23 25
1 40 64
14 4 19
55 7 71
38 4 45
23 26 49
38 52 95
16 64 80
15 0 17
53 46 104
31 2 39
24 11 43
1 52 78
57 27 105
40 66 143
48 52 138
39 45 104
59 18 96
35 2 39
1 25 27
53 7 64
16 44 96
30 20 74
8 0 11
39 41 81
19 46 66
49 34 83
26 28 79
59 13 119
0 26 27
38 42 124
25 77 116
28 25 53
50 18 86
7 41 54
7 16 23
19 27 46
58 59 137
1 40 41
49 58 131
48 28 133
11 44 66
39 18 64
1 11 12
40 37 95
57 1 59
53 61 126
7 57 67
27 14 42
22 7 29
3 65 82
1 15 19
8 55 63
39 28 89
5 17 34
41 8 50
41 15 62
3 31 34
29 80 110
52 22 100
20 53 77
2 34 51
32 47 90
23 32 64
11 0 11
1 25 39
53 60 117
16 30 55
32 26 58
32 7 42
37 39 90
37 11 73
41 40 81
11 0 21
29 11 59
18 33 81
6 36 55
58 53 130
42 56 104
49 23 93
43 43 93
2 65 72
37 15 67
57 26 103
