300
1 41 46
33 13 61
6 0 7
8 82 124
22 2 37
37 18 75
21 58 99
32 56 88
65 40 105
54 34 116
73 5 115
22 19 50
8 66 80
14 70 97
59 6 65
2 43 45
3 22 29
48 30 80
41 1 63
0 30 33
28 19 52
69 45 196
33 63 106
57 62 123
15 84 121
2 62 64
62 34 155
50 47 111
2 49 66
18 39 85
3 44 67
24 56 102
11 47 72
30 37 68
49 71 143
19 21 49
72 15 89
59 34 108
54 89 145
26 97 125
15 78 168
55 26 99
71 40 117
0 14 14
64 1 68
3 29 40
53 39 126
15 16 39
48 36 86
38 26 69
5 8 13
20 70 104
14 23 48
12 67 121
0 8 11
24 19 67
26 68 124
30 55 109
59 74 192
18 38 64
33 68 173
11 55 68
68 84 236
67 60 177
2 16 23
20 21 45
44 23 101
71 38 110
47 46 116
49 1 55
44 0 45
73 44 121
64 9 83
19 6 32
29 4 43
9 12 21
1 9 14
57 48 118
50 17 72
38 14 64
55 52 107
55 30 118
54 6 89
45 31 94
34 39 76
74 59 144
12 68 81
55 70 128
29 40 85
16 11 33
56 53 123
61 59 178
64 45 113
58 50 143
36 69 131
0 31 33
28 38 71
8 12 33
4 25 37
9 31 42
11 57 78
60 45 127
7 48 55
60 10 80
20 24 51
7 2 10
4 48 55
21 29 50
68 10 83
54 77 133
31 7 47
43 29 79
57 65 171
9 0 13
66 19 88
51 50 149
66 1 70
40 48 168
33 14 48
68 59 127
40 42 139
66 57 134
6 50 56
65 6 75
69 56 144
34 64 150
23 33 84
1 29 31
0 3 3
1 33 42
8 89 102
29 43 102
63 10 96
50 13 68
56 9 123
70 30 130
23 57 90
53 18 78
12 31 65
41 33 81
8 47 58
68 16 96
58 64 221
25 30 55
24 40 94
18 15 33
2 51 60
41 84 146
8 12 24
27 82 135
35 31 112
26 42 82
23 8 43
57 29 135
43 1 45
13 53 66
50 69 130
66 53 142
60 55 131
5 95 101
51 67 132
10 55 104
52 36 101
8 84 94
27 0 28
18 19 39
63 7 104
47 3 61
50 47 111
66 9 85
36 34 82
47 47 146
18 19 43
72 10 92
61 80 149
66 11 81
13 20 38
5 23 28
43 70 122
71 34 113
46 26 114
24 54 84
37 5 45
42 22 67
65 6 104
51 28 85
43 55 101
70 21 96
59 4 63
20 35 73
8 19 31
28 65 114
49 18 86
71 24 105
55 71 143
62 24 167
62 44 111
74 46 167
44 46 105
41 24 73
66 31 164
52 45 104
37 46 102
23 56 129
69 14 93
62 86 191
19 73 105
43 53 110
63 7 81
24 30 75
69 0 71
19 41 64
59 35 162
68 13 92
12 20 44
73 4 114
66 32 124
28 54 124
42 44 150
1 42 68
22 66 127
17 68 87
44 52 114
8 49 58
45 2 57
9 67 77
27 38 117
22 52 86
43 57 129
36 13 49
19 56 75
34 20 96
22 22 48
42 59 101
64 44 124
36 42 93
35 50 86
21 33 54
2 31 41
46 42 121
12 46 82
18 32 52
69 18 96
28 10 46
39 47 148
28 23 75
65 42 177
72 74 146
49 5 57
17 18 51
58 24 82
12 34 65
23 25 64
45 50 95
58 59 177
1 30 45
46 69 123
72 15 121
73 60 183
21 23 65
59 59 189
2 56 77
19 58 87
0 8 8
13 71 108
0 0 0
34 29 90
24 3 31
22 36 58
3 38 47
28 57 89
3 27 37
6 64 70
46 12 59
39 7 46
42 45 105
58 44 123
35 16 58
42 19 91
13 22 50
44 41 93
37 4 41
43 16 84
58 22 108
24 20 51
18 35 55
45 23 78
18 58 81
57 0 106
51 52 113
57 51 108
33 8 58
21 77 105
64 17 100
71 89 266
73 31 170
57 61 221
66 27 126
24 24 55
16 41 63
