350
80 160 244
6 97 119
48 78 163
78 144 253
4 57 120
30 14 119
18 2 22
63 40 106
49 139 228
20 225 248
32 50 82
76 215 402
71 15 128
24 226 334
86 193 279
84 207 294
42 71 118
90 112 245
37 190 318
11 58 100
92 182 274
16 71 99
58 146 291
10 174 204
4 123 129
92 218 322
2 101 109
92 161 315
30 74 167
10 194 227
88 200 313
51 87 150
57 100 242
9 118 130
38 121 171
79 135 282
67 67 163
54 207 270
46 43 94
42 216 363
79 76 190
64 5 69
90 230 360
41 85 135
18 176 219
54 58 116
69 202 320
88 56 195
84 106 192
79 54 188
88 116 233
10 83 164
72 181 346
9 2 100
63 98 181
36 9 48
43 152 270
76 230 330
28 186 238
77 139 243
74 98 181
57 3 70
22 184 268
92 162 304
58 159 234
53 2 57
60 155 282
82 154 244
51 106 175
85 223 308
19 81 180
89 26 225
91 104 195
80 104 235
3 127 132
74 142 226
46 19 185
67 88 187
64 175 263
68 52 171
56 60 137
34 65 100
70 15 157
50 140 208
24 228 257
17 164 185
56 75 163
63 187 297
41 40 96
81 157 262
41 154 207
13 36 77
99 83 218
65 197 273
90 75 175
57 114 202
77 214 334
22 208 254
23 132 182
80 130 215
14 138 186
73 86 209
23 58 180
92 216 323
40 22 104
25 49 76
92 206 341
57 55 164
26 105 142
49 100 262
37 83 120
1 38 55
81 185 343
51 6 152
31 201 339
26 105 135
17 75 97
90 191 300
37 136 176
44 110 205
73 191 308
46 157 253
11 176 236
52 0 191
78 69 278
91 143 361
23 85 216
26 54 145
27 56 126
8 195 229
67 54 160
56 127 184
77 106 194
78 194 273
86 81 171
16 128 281
45 162 217
44 5 88
92 129 319
8 71 166
34 57 144
87 221 315
69 137 266
87 100 199
37 12 90
79 11 151
97 178 302
71 81 168
1 29 33
6 13 36
17 224 269
94 134 260
71 192 338
56 189 260
94 49 218
43 86 159
45 199 279
96 65 230
65 71 157
78 88 223
93 60 265
62 128 223
5 159 166
13 126 170
10 29 86
60 182 278
11 72 144
12 33 51
77 220 407
69 96 187
44 92 197
59 74 159
27 75 187
85 87 184
60 44 104
15 14 97
41 163 284
44 20 128
97 119 233
39 88 165
44 105 172
71 103 199
33 215 278
31 226 323
38 115 174
84 17 154
37 213 254
95 118 216
80 71 153
21 20 59
91 152 256
1 153 181
14 1 30
18 44 179
50 121 173
29 75 123
37 167 281
30 163 265
8 156 196
83 74 194
62 199 297
45 208 298
57 147 261
46 82 129
95 139 250
96 127 303
80 164 255
78 144 245
45 173 221
61 85 155
1 56 62
49 175 337
30 98 155
97 156 254
73 11 158
85 194 314
76 112 203
81 107 196
29 32 110
76 176 282
21 123 144
66 49 136
85 113 218
27 31 58
2 171 254
61 136 205
32 44 113
82 104 302
35 205 328
56 44 122
71 136 255
40 119 182
52 200 252
40 168 250
67 46 115
83 27 110
93 98 247
52 32 103
5 19 24
75 83 159
77 150 247
46 176 223
45 61 119
37 101 166
49 25 80
40 230 273
24 171 297
43 15 61
35 127 183
61 167 230
76 175 257
9 25 38
28 52 164
44 142 250
79 115 230
96 153 254
22 226 350
40 125 180
23 103 150
71 165 270
52 104 181
97 162 385
64 188 375
20 90 145
8 79 88
28 51 88
69 39 112
25 58 84
19 106 156
61 155 234
32 131 164
10 102 170
95 90 198
99 112 255
29 103 203
80 80 164
12 84 101
27 30 59
45 212 295
39 64 147
85 120 237
80 23 168
54 124 195
76 221 305
20 86 144
37 133 197
18 199 220
97 73 180
54 193 272
32 201 236
32 197 242
73 83 175
82 47 165
88 22 139
60 223 297
6 57 99
75 8 84
93 91 225
66 214 325
27 110 162
69 80 231
70 127 300
46 189 286
8 212 261
55 12 119
87 52 220
62 186 317
60 226 373
73 149 315
13 197 214
41 152 245
20 226 309
34 121 230
89 196 321
91 229 324
33 96 142
61 71 141
52 54 109
5 193 218
25 46 100
4 143 179
21 19 52
36 202 239
63 202 290
17 59 87
64 109 179
85 13 98
54 100 164
13 3 28
13 167 223
74 32 150
54 137 215
72 217 293
9 191 286
26 50 82
92 150 247
47 96 172
23 3 76
39 12 73
21 157 209
19 200 240
16 207 298
75 225 308
85 9 94
59 92 163
69 158 251
85 96 182
72 141 231
20 2 23
54 31 90
