400
87 102 340
80 69 238
16 83 108
17 22 57
88 67 207
43 90 141
29 43 96
4 60 65
28 28 66
65 80 155
96 37 161
88 52 145
3 69 73
80 64 176
77 69 147
62 22 110
81 69 192
79 86 249
91 75 297
93 63 231
14 45 85
35 106 155
12 34 46
42 38 120
37 37 129
12 32 45
92 64 159
87 51 203
90 40 130
49 23 83
64 112 204
63 7 90
62 32 122
87 57 153
58 37 147
8 25 36
0 65 112
61 19 112
80 80 187
53 61 126
71 37 142
8 44 57
38 45 101
78 14 143
74 76 182
41 35 93
27 77 105
34 23 64
47 64 133
58 67 141
78 67 201
23 6 55
14 12 30
6 9 19
72 68 163
95 108 285
92 25 174
87 12 113
50 19 80
16 28 60
74 12 101
42 70 145
87 54 145
39 102 173
39 148 257
57 33 126
45 71 118
75 35 176
95 23 123
2 25 29
70 78 208
82 51 134
9 17 31
84 77 202
20 39 69
0 42 58
61 85 185
89 50 174
72 89 204
44 55 121
18 75 140
74 115 211
50 55 113
34 29 97
89 64 169
60 87 203
79 21 153
6 2 8
5 72 77
30 27 63
67 11 127
93 116 214
66 73 178
25 45 83
73 98 235
25 29 76
57 21 81
59 26 97
85 3 112
53 0 55
56 32 116
64 59 149
34 76 146
25 11 41
65 69 156
68 66 141
34 29 63
6 4 11
33 59 94
18 28 53
88 69 219
81 56 145
14 21 59
77 26 103
87 14 144
38 90 153
31 45 91
56 37 95
70 26 120
84 52 206
2 12 15
32 62 106
79 3 99
39 42 85
37 72 112
59 29 130
4 43 56
97 69 175
49 82 229
50 73 177
84 70 170
38 23 72
37 38 87
74 70 163
14 23 47
75 61 145
40 98 151
64 97 219
4 9 18
39 44 96
98 0 171
75 25 129
14 40 54
51 36 150
27 10 47
60 32 114
55 38 108
35 9 73
56 43 116
83 20 119
40 80 133
44 80 124
8 71 87
18 80 108
5 58 103
98 61 175
45 13 59
74 10 121
10 67 81
16 17 44
85 48 156
5 80 92
32 48 87
94 31 178
44 75 171
44 29 74
81 42 134
48 66 123
80 8 137
36 19 69
2 69 79
60 51 166
88 6 117
31 0 54
55 26 105
81 45 128
66 37 112
94 63 184
63 39 107
98 35 175
64 0 64
16 94 135
25 56 101
98 74 192
81 63 239
93 91 300
33 25 95
66 51 133
30 42 90
55 70 158
5 97 129
4 4 8
66 34 107
5 105 155
41 12 80
71 74 208
6 63 96
59 42 110
8 13 21
23 41 80
73 42 159
21 50 71
29 3 48
41 1 44
5 102 111
63 87 264
67 8 75
86 3 123
66 42 158
33 17 64
27 72 109
77 0 111
58 12 122
59 69 190
59 54 137
64 22 110
84 55 228
84 79 218
85 31 121
30 57 106
91 44 140
62 71 216
82 5 100
96 48 160
49 37 94
48 84 203
71 9 95
78 102 197
71 27 177
59 10 74
58 38 154
63 78 157
93 50 184
51 57 169
62 20 108
96 97 229
21 23 44
50 71 127
34 68 104
21 28 59
85 72 190
72 19 136
27 33 60
54 64 195
6 23 38
27 28 63
54 90 147
66 74 175
19 36 55
76 42 118
81 56 219
46 66 148
89 11 107
73 85 267
44 55 122
74 110 237
82 77 179
60 20 106
75 61 168
34 41 97
79 91 226
32 58 141
17 53 91
80 65 159
37 69 141
73 68 145
92 9 103
42 69 114
40 68 117
80 96 181
77 75 155
39 11 54
4 22 35
28 121 149
14 79 109
87 39 176
58 92 244
72 75 235
59 64 130
38 70 112
93 72 227
9 10 20
84 38 141
8 56 67
58 48 137
51 17 76
31 80 137
22 60 98
96 36 132
57 76 179
37 12 90
86 60 156
2 91 101
27 80 149
36 22 61
86 27 113
93 21 117
20 40 76
1 29 49
64 15 94
6 16 25
26 106 206
25 84 128
29 9 43
54 12 86
36 46 108
47 14 64
15 88 124
81 17 119
77 81 182
5 25 37
38 17 68
0 81 147
60 25 102
56 62 147
72 54 182
28 69 116
75 49 129
76 144 223
95 7 112
72 68 151
25 73 165
53 59 162
19 86 134
2 70 124
85 123 313
67 10 81
66 116 196
1 33 52
32 53 101
5 93 104
49 25 74
80 8 110
35 12 52
84 113 215
82 87 268
44 59 160
88 86 206
63 96 237
47 16 71
8 34 57
37 8 53
28 37 83
80 5 113
71 48 177
3 54 65
33 26 77
34 78 112
0 60 68
59 93 187
27 86 189
36 97 143
12 32 46
92 33 144
82 16 151
37 57 174
13 5 23
14 61 82
92 66 166
29 87 116
60 23 141
51 119 318
12 89 106
7 81 139
36 28 81
47 64 113
22 122 230
34 103 199
27 18 73
20 4 26
36 66 103
82 14 101
3 7 20
25 7 44
73 62 144
53 82 137
72 90 186
83 85 168
1 112 136
55 70 168
20 52 76
89 57 176
13 54 72
81 36 128
55 50 151
50 29 105
43 90 186
40 72 118
49 20 95
60 8 115
10 18 34
97 10 176
90 61 286
72 75 175
58 78 166
39 86 128
57 59 146
97 52 149
11 61 81
43 10 76
