450
56 12 74
79 30 132
3 36 40
84 33 176
71 88 197
54 50 112
47 100 156
66 33 144
22 75 116
9 44 73
48 82 158
21 7 29
77 52 152
111 22 150
30 81 119
80 43 215
68 21 92
60 121 327
22 7 29
92 68 194
16 27 44
20 25 88
22 157 180
67 67 148
50 36 98
79 75 182
24 30 66
69 69 257
14 87 102
108 25 188
31 68 109
53 16 79
89 84 189
84 23 121
44 90 170
44 37 82
109 8 144
50 18 77
5 84 104
1 49 53
21 19 51
80 63 158
7 77 120
84 95 179
10 60 91
38 37 77
67 63 170
12 99 123
16 89 110
68 51 201
27 80 122
47 6 57
93 41 170
48 83 133
92 91 262
78 18 96
15 94 188
73 52 132
69 53 150
85 91 265
104 85 231
27 47 74
42 0 55
106 9 125
91 12 106
75 20 144
75 2 112
70 80 156
60 52 138
2 86 94
49 91 191
87 84 189
81 38 130
26 15 41
89 81 194
2 35 50
111 124 355
42 71 141
73 2 105
68 117 264
85 90 182
93 8 146
21 45 77
23 57 80
107 33 187
62 64 143
17 45 80
48 75 192
4 67 84
67 54 181
14 32 50
6 139 148
5 105 183
47 46 94
109 124 234
105 23 136
48 136 200
63 33 111
89 8 150
87 77 226
27 19 46
77 49 145
56 66 126
70 31 106
89 19 114
97 18 126
25 45 73
109 22 205
47 79 190
111 56 280
13 45 60
54 60 162
34 94 168
89 103 246
50 69 120
10 81 120
94 18 187
103 86 189
24 118 212
81 82 206
88 66 155
72 140 330
30 55 103
37 74 140
100 32 173
107 91 284
79 135 267
30 61 102
26 96 137
30 17 86
77 15 99
70 28 136
37 28 74
8 2 16
66 9 116
111 76 201
48 3 57
103 40 145
96 16 136
42 94 148
88 15 141
65 74 141
81 85 190
76 56 146
95 50 159
68 57 127
43 145 189
107 36 167
37 35 81
56 76 247
83 54 146
36 18 57
108 115 316
88 54 149
43 14 66
41 2 44
13 24 39
35 7 42
73 43 118
23 40 82
73 78 227
34 99 143
91 8 135
63 29 119
104 24 180
10 27 39
17 66 92
22 53 76
104 41 156
38 104 244
14 63 88
105 112 361
54 18 120
66 97 273
69 16 109
16 37 93
88 16 117
4 104 120
75 88 301
27 69 109
109 92 223
109 83 216
54 58 116
90 52 154
54 39 95
54 89 146
65 93 237
82 8 102
37 63 109
77 19 112
45 50 98
105 30 167
18 47 110
76 24 126
38 79 133
109 88 357
73 29 116
35 66 139
25 33 58
13 61 101
7 59 91
39 77 125
3 17 30
28 10 50
18 27 54
11 6 25
62 35 102
35 40 97
103 90 246
2 32 35
42 93 136
72 2 74
85 19 131
110 88 350
13 91 108
12 93 133
5 27 44
85 80 261
13 61 102
53 83 150
94 69 192
0 67 75
88 42 166
91 83 175
13 75 96
81 32 113
44 43 140
45 2 52
20 7 35
39 56 165
35 9 44
95 57 172
57 89 149
88 118 299
90 83 283
53 61 156
75 8 126
79 6 90
46 68 127
49 75 180
60 70 133
71 51 131
53 82 175
12 5 29
81 67 187
6 34 42
74 45 131
87 101 226
74 9 110
25 60 140
80 13 133
45 13 82
50 20 80
45 81 136
12 80 99
4 89 131
30 51 92
28 91 146
109 68 346
92 136 278
32 20 72
57 81 154
54 107 163
46 46 107
29 87 135
60 52 126
14 2 17
63 90 156
83 34 155
10 51 108
6 21 35
96 9 132
67 66 232
26 8 50
40 39 89
77 41 127
55 95 170
57 11 87
18 76 121
46 33 85
34 38 93
2 35 60
74 58 179
69 83 167
38 57 117
26 68 162
58 103 171
96 112 238
74 94 197
70 112 281
107 43 227
12 96 141
58 20 78
41 10 65
64 110 252
77 51 150
60 72 167
101 17 141
82 26 123
61 15 116
52 51 106
24 15 40
107 47 213
23 20 47
25 75 118
0 57 92
81 40 121
27 73 126
90 36 173
7 77 125
108 76 198
76 73 165
15 86 141
49 18 102
69 78 166
11 40 70
80 11 131
8 67 105
75 87 188
21 62 102
42 63 126
33 15 67
108 101 209
5 99 127
90 93 245
25 85 152
78 135 225
62 61 129
39 15 54
68 28 101
55 22 78
66 18 94
68 10 136
73 1 75
94 61 217
100 79 185
68 4 75
95 24 121
49 44 101
36 88 193
98 2 107
87 6 98
105 91 271
54 43 99
43 75 206
24 56 139
20 56 106
8 73 112
3 24 27
54 87 201
12 102 116
109 77 191
65 56 154
33 14 61
3 10 16
71 110 241
78 6 121
74 5 80
13 63 84
53 63 153
89 44 168
14 63 131
46 31 78
77 78 235
51 115 180
66 22 89
42 31 91
86 41 182
53 63 165
1 97 160
104 38 229
33 96 210
35 41 110
49 88 210
46 3 50
56 105 218
45 11 56
69 56 177
79 18 98
85 3 128
76 68 172
106 30 184
17 81 110
43 33 101
55 48 122
20 25 56
28 60 95
99 129 254
46 45 116
95 1 140
44 118 242
100 99 261
74 60 224
13 38 53
86 23 124
66 6 85
17 49 68
18 35 74
90 72 176
17 139 195
65 35 115
11 85 99
60 33 97
56 25 100
92 93 295
55 53 113
31 31 94
86 49 137
82 35 123
36 66 114
100 104 253
58 60 199
9 102 178
5 27 37
89 78 169
46 129 199
89 54 155
81 78 159
8 73 90
102 73 180
46 63 189
87 13 152
17 47 96
38 56 107
36 26 76
86 100 238
26 58 97
49 72 187
96 60 158
42 11 76
17 82 103
66 80 198
58 91 152
7 0 7
58 28 138
19 51 109
99 123 313
94 14 117
94 71 179
8 98 115
53 75 188
66 34 144
110 51 195
84 83 189
70 96 180
75 52 134
5 78 99
31 60 96
102 103 252
51 87 225
