500
107 44 218
9 48 64
18 66 138
115 30 175
40 2 69
14 35 58
93 45 145
100 120 220
0 42 69
97 128 359
48 9 69
57 56 114
75 122 204
99 19 120
30 97 131
100 102 359
23 120 172
59 67 240
116 40 209
22 33 78
89 48 150
119 83 298
81 11 125
38 6 53
25 86 112
117 55 242
41 124 198
82 105 199
57 101 158
38 93 233
69 102 175
48 58 160
84 37 131
106 9 189
117 0 127
30 89 199
9 32 47
73 98 233
4 1 5
44 131 188
107 22 130
35 7 51
80 19 137
9 22 39
24 107 186
10 54 71
5 56 75
110 65 192
111 49 185
39 28 72
79 137 224
63 39 108
110 20 143
72 105 235
94 51 149
24 158 219
111 81 230
24 90 138
22 80 106
79 57 156
85 67 164
114 97 261
101 32 205
6 91 178
65 67 145
9 29 57
62 51 144
2 23 36
37 89 215
110 76 206
106 59 173
112 89 245
39 84 139
7 13 23
82 11 165
95 47 148
89 0 91
93 36 132
90 0 145
119 86 219
57 4 63
44 100 177
49 57 138
51 94 157
70 28 152
117 58 175
107 161 375
111 100 244
103 31 193
29 104 208
79 110 209
124 30 157
96 23 220
54 81 155
63 5 116
68 70 138
91 157 292
123 5 131
61 128 191
93 39 143
110 86 280
6 97 169
105 49 288
42 16 58
40 68 118
21 6 27
108 23 132
98 80 183
28 72 131
111 105 216
88 89 310
29 22 83
25 26 75
26 23 69
44 17 100
95 55 165
93 15 154
106 54 183
1 83 96
120 50 224
97 145 470
7 57 81
62 57 122
102 28 175
103 1 120
45 53 103
47 48 109
62 91 184
100 2 118
97 28 151
46 76 123
76 68 176
38 73 124
21 43 76
110 70 210
108 102 243
86 50 233
119 107 296
42 50 100
88 70 160
99 18 184
16 7 23
97 85 259
5 57 67
39 103 176
15 56 127
63 93 163
48 40 98
39 20 59
104 160 384
81 9 101
2 58 63
13 53 68
71 37 111
53 52 109
36 24 81
121 0 121
35 9 45
4 96 112
98 75 190
73 153 228
108 79 211
7 96 129
82 43 142
12 70 88
98 35 156
115 74 202
45 26 80
81 93 213
116 93 299
124 65 212
28 27 61
106 68 177
86 90 176
0 13 21
120 15 138
74 81 201
106 111 229
59 67 246
73 89 219
23 67 106
73 73 151
72 14 136
5 18 33
74 125 204
58 47 126
116 40 262
41 150 276
123 107 233
40 78 126
80 0 102
95 51 219
69 93 199
7 30 56
47 91 145
109 121 399
105 71 180
90 74 193
94 113 222
10 5 26
54 16 74
82 42 131
102 11 126
108 117 267
96 93 190
84 71 201
38 114 217
51 69 124
17 98 124
80 96 297
21 63 97
61 37 120
108 27 149
81 1 84
45 0 55
38 21 93
58 152 218
5 144 165
54 6 89
33 5 38
45 107 257
43 130 201
38 45 97
106 68 236
64 83 155
69 120 191
56 11 76
95 91 278
73 88 164
2 28 49
110 68 315
56 68 124
90 113 258
107 65 214
75 0 125
46 79 126
36 57 108
74 64 180
51 99 150
95 106 214
6 68 78
69 96 195
121 103 230
18 106 164
88 144 325
72 84 157
68 37 108
11 55 69
108 66 180
113 93 230
117 11 145
44 81 184
41 36 97
41 53 96
78 78 226
77 5 87
6 80 116
72 51 145
48 131 206
118 5 164
58 13 89
79 65 146
116 9 152
101 14 133
9 110 215
5 105 152
6 12 26
89 60 169
92 114 271
62 130 201
15 55 100
47 82 184
0 161 191
80 14 101
48 53 104
72 109 226
82 46 164
76 75 152
29 66 115
87 4 102
14 63 80
37 144 188
10 37 72
8 60 75
35 134 287
40 115 176
12 92 105
119 45 308
69 109 195
11 126 137
84 29 139
24 15 46
34 51 86
21 9 46
104 76 181
98 23 167
96 90 302
66 72 237
38 99 142
36 29 93
118 59 258
77 28 105
83 105 259
122 30 164
4 59 72
3 104 126
122 91 216
63 1 70
75 89 249
49 38 95
112 22 138
4 32 45
99 10 132
105 64 262
41 103 224
5 144 206
11 87 118
93 109 271
24 20 51
100 167 273
77 64 141
100 7 108
58 91 158
77 45 171
57 31 137
22 44 69
12 3 23
5 85 90
96 60 258
62 81 151
1 97 98
60 79 147
71 57 152
120 69 216
29 64 107
122 43 176
98 110 214
35 56 91
42 78 185
124 62 206
35 101 140
56 43 121
111 63 252
36 12 74
113 41 216
0 60 68
40 93 210
112 36 162
10 93 151
10 83 141
1 63 68
110 63 323
79 6 111
52 13 68
86 81 196
13 9 24
63 109 217
81 67 152
3 69 105
19 3 35
103 95 221
101 4 167
86 50 228
42 6 72
76 29 110
61 146 244
69 0 82
19 35 64
102 143 265
116 15 166
118 98 256
116 14 160
9 44 63
2 17 25
37 49 124
44 39 91
96 103 260
113 62 183
35 69 149
52 34 92
83 33 120
2 91 94
107 2 121
45 10 64
99 59 212
100 27 143
48 112 173
83 82 203
16 38 67
120 92 313
17 127 149
10 52 68
86 9 100
59 106 198
17 145 195
80 78 200
45 99 151
110 0 120
7 101 150
36 62 117
0 82 90
56 110 197
40 32 84
112 49 165
33 0 37
7 16 28
44 79 128
63 11 123
79 67 154
19 57 84
32 116 152
106 72 210
68 52 162
95 17 150
11 58 79
31 73 149
75 68 151
90 40 154
50 22 82
1 32 37
28 16 46
3 27 32
20 51 82
69 6 130
58 111 255
7 163 170
62 13 83
1 119 144
104 35 139
12 24 52
7 68 114
25 99 139
16 129 171
75 3 99
72 136 225
58 32 99
5 129 172
24 25 50
71 120 275
19 21 43
14 31 59
71 60 142
90 119 359
17 100 121
10 111 152
114 78 195
22 33 73
113 14 186
57 36 96
69 108 193
95 5 176
73 30 109
17 128 146
24 38 64
35 47 103
15 58 103
97 68 216
28 83 214
102 35 179
28 83 143
82 93 264
10 22 33
104 22 138
107 73 205
8 62 70
67 101 216
36 61 107
73 12 148
118 142 374
93 82 183
72 99 212
14 151 247
89 105 284
38 6 45
120 44 175
89 45 209
20 42 70
75 60 140
53 89 176
24 104 181
99 14 200
118 57 177
4 96 108
69 125 267
106 111 311
30 51 94
62 41 123
94 50 154
40 9 75
88 93 192
72 35 110
93 14 110
75 16 138
112 55 174
27 126 168
119 16 150
42 116 173
77 84 176
78 74 171
56 38 115
