100
928 23 1316
56 34 120
5 12 24
635 17 671
3 9 16
97 86 237
10 70 108
8 77 93
775 52 1048
55 25 114
1 44 63
311 47 455
26 12 48
58 65 176
563 34 689
503 21 749
388 28 450
76 36 153
7 81 101
338 26 414
50 6 70
10 49 79
4 97 125
2 27 43
636 27 881
480 64 785
6 75 89
7 44 72
63 55 120
1 14 20
4 62 74
70 79 218
6 78 118
81 7 105
19 56 85
2 57 80
442 66 677
9 58 69
5 36 46
7 18 33
5 96 122
10 43 72
46 68 145
8 88 101
68 55 176
6 81 117
5 70 82
948 15 1243
29 86 134
243 1 319
66 37 121
846 20 1284
6 69 98
9 68 101
660 88 1083
78 2 108
68 20 89
19 44 75
6 66 93
550 24 591
62 9 91
59 20 82
998 51 1430
4 1 6
330 34 498
4 93 100
47 42 102
3 82 104
8 89 138
35 44 90
10 33 53
1 76 88
74 54 170
72 23 97
7 34 59
573 30 805
408 54 584
84 80 235
9 84 116
9 97 131
9 51 84
58 32 114
49 47 130
67 17 90
55 33 116
2 49 62
43 9 66
3 66 85
1 52 62
60 54 132
8 38 59
438 6 577
387 75 535
508 7 693
51 88 150
113 3 155
359 62 485
99 93 272
63 58 128
46 91 199
