300
75 66 153
5 94 128
36 85 126
6 30 43
1 10 15
10 28 43
4 84 108
1 85 99
78 34 145
181 46 271
705 10 799
8 58 69
499 68 693
750 69 1181
73 65 146
905 14 1309
2 71 82
10 3 16
70 17 93
9 84 93
4 40 63
45 7 59
431 27 524
6 57 69
85 72 175
54 64 167
776 42 963
507 79 834
921 98 1512
885 33 1137
100 72 232
928 97 1271
109 57 232
29 87 163
11 28 50
57 2 85
60 99 215
208 66 300
81 89 177
220 8 278
94 7 130
10 84 123
22 76 100
3 15 21
6 40 59
80 27 138
65 96 197
857 52 1124
8 16 25
661 7 668
9 62 105
304 33 366
100 78 255
3 64 89
2 2 6
6 4 15
864 70 1149
9 86 107
50 58 136
904 19 1101
2 89 110
155 13 213
2 37 57
697 34 975
10 62 76
88 33 142
238 97 449
871 38 1058
517 7 582
8 6 21
98 90 245
9 58 80
12 81 107
303 32 362
5 96 115
4 42 51
3 30 40
399 100 624
3 9 18
8 20 42
4 23 27
65 21 129
5 41 49
10 10 20
10 49 72
549 48 837
8 84 99
94 8 123
32 2 35
69 6 93
7 63 81
1 5 6
737 15 972
482 19 742
4 84 91
4 76 113
5 79 91
888 78 990
357 32 486
3 98 117
8 42 72
40 35 108
340 66 557
57 56 114
18 59 83
444 69 671
10 56 78
8 59 76
10 12 24
1 65 96
480 60 617
2 49 61
2 56 67
8 68 90
76 63 185
800 89 1290
5 78 124
38 60 100
44 43 127
42 33 100
47 73 136
931 56 1089
971 96 1521
45 93 193
862 71 996
44 45 129
85 51 179
10 80 103
28 100 129
100 94 213
190 20 252
6 37 56
8 97 111
728 34 926
30 99 144
794 86 955
6 65 94
107 50 166
67 7 83
9 53 66
6 6 17
644 11 708
82 80 222
135 74 247
284 1 295
145 29 232
4 85 133
274 31 334
31 6 41
7 63 86
63 12 83
5 58 89
8 61 100
2 70 92
784 35 865
85 71 158
23 58 120
827 40 1152
860 49 1212
2 58 74
523 31 631
19 48 78
813 26 1203
10 32 48
82 16 141
6 85 106
13 9 31
70 94 183
10 27 41
703 52 1047
82 23 123
836 93 1334
984 41 1284
12 8 22
46 25 86
33 81 152
11 62 73
7 99 110
2 34 36
263 23 309
789 17 1025
1 73 102
382 43 633
587 32 640
61 94 158
18 88 141
91 20 154
924 9 1367
48 3 58
273 47 385
4 6 15
5 16 21
6 19 35
13 60 108
1 97 127
10 39 70
81 45 176
111 90 209
679 41 875
8 46 80
150 26 211
4 34 53
563 95 667
43 47 106
375 20 580
89 34 153
290 14 350
2 53 59
8 68 87
412 75 670
85 93 204
81 66 156
90 43 156
2 55 61
7 34 61
33 2 50
1 84 126
10 88 123
5 18 33
916 78 1201
46 80 151
30 72 134
84 77 174
2 74 91
53 53 112
10 9 24
615 51 780
997 21 1234
63 45 125
58 14 76
289 14 441
81 6 108
503 69 837
65 61 185
385 40 573
105 48 174
171 24 242
24 76 124
1 19 29
124 56 192
53 15 70
1 58 61
93 64 203
344 56 500
10 35 64
161 14 217
445 9 606
26 71 133
7 25 42
10 27 49
6 98 124
378 61 603
22 63 90
1 75 84
7 53 83
32 33 87
3 94 139
6 38 50
22 36 80
337 95 473
475 51 757
78 60 165
43 39 106
10 70 109
4 23 39
59 89 207
443 54 645
831 35 1075
10 41 75
10 41 68
6 91 98
180 9 253
6 49 72
138 35 174
889 78 1406
720 67 892
97 75 185
5 86 126
10 15 26
199 1 258
872 89 1089
45 7 62
2 8 13
482 83 654
10 100 153
11 66 115
30 35 67
23 15 41
79 52 154
8 93 102
8 6 21
20 12 44
7 34 52
788 22 1023
496 72 760
982 38 1276
86 44 189
4 19 32
11 87 127
817 24 973
