350
199 57 332
221 30 291
685 88 858
179 3 233
963 4 1057
5 39 46
59 17 105
913 91 1017
297 6 336
96 24 155
45 39 85
721 30 924
47 19 90
16 60 114
68 43 142
2 1 3
2 40 46
37 89 127
89 83 233
5 7 13
288 22 359
955 84 1485
1 85 110
42 13 56
10 43 56
6 2 10
90 70 191
5 40 67
3 44 50
2 64 76
74 82 200
99 12 123
10 1 13
3 92 111
744 6 876
215 37 252
252 55 390
399 98 698
28 53 112
3 31 48
24 63 129
476 88 793
1 65 87
78 10 94
662 93 941
7 20 30
46 50 104
4 45 51
6 18 35
84 95 258
595 45 802
64 64 144
6 50 75
49 88 170
319 44 459
5 82 99
47 96 187
10 46 78
7 30 41
5 62 79
870 49 939
6 32 53
491 96 701
38 1 45
61 20 94
309 100 573
226 47 366
78 63 192
2 1 3
58 26 125
81 19 118
473 1 596
2 64 73
7 50 81
38 11 54
89 43 182
5 59 68
694 50 954
63 10 80
955 30 1395
7 4 13
228 49 371
5 30 49
10 40 53
802 82 1118
95 53 216
47 21 95
78 79 199
543 66 743
3 89 131
610 68 757
2 82 106
638 91 956
1 48 54
485 58 699
94 27 153
10 41 65
100 79 266
94 88 224
8 66 103
716 11 1020
4 71 98
39 100 142
37 69 123
10 17 28
501 94 645
60 27 111
896 16 1076
76 15 136
686 9 945
1 65 67
953 22 1133
4 13 18
7 28 41
169 3 195
83 59 154
342 42 526
36 80 140
704 59 880
8 20 42
10 43 79
10 95 119
691 76 906
9 67 96
747 100 1031
87 75 186
83 34 149
5 11 22
18 56 103
786 55 1090
19 43 84
93 28 122
2 100 123
204 85 342
22 66 116
186 39 285
86 68 216
52 97 204
983 83 1473
832 98 1301
223 38 389
730 82 1097
33 70 144
9 72 95
67 61 185
948 81 1191
388 6 410
8 100 151
5 38 60
56 92 220
10 49 64
9 33 55
458 55 652
1 42 64
432 61 505
976 64 1262
427 20 475
81 74 206
303 69 493
8 7 20
39 8 57
44 66 152
2 30 38
42 83 157
7 48 77
754 40 1113
5 26 46
657 12 897
47 65 139
30 17 47
7 32 45
8 76 125
78 71 160
10 67 107
354 43 488
98 86 239
100 62 201
978 4 1377
136 49 265
352 17 422
992 49 1360
28 22 52
78 41 136
100 87 212
3 67 74
7 68 100
6 13 28
382 43 605
427 28 682
770 54 973
831 40 981
173 2 223
1 14 16
28 59 94
181 37 270
1 46 65
2 73 94
251 79 365
5 66 81
25 97 128
4 16 25
150 14 211
301 45 519
21 17 45
110 69 212
526 29 621
2 50 54
32 45 79
65 39 131
720 37 1037
105 63 199
187 79 355
100 90 190
9 97 146
3 58 82
60 9 85
6 53 76
6 36 50
29 90 135
8 39 51
11 81 113
9 36 51
32 29 65
343 6 460
201 6 234
9 36 53
46 21 86
28 31 70
8 27 36
6 55 61
2 100 127
1 79 84
384 39 447
77 29 107
11 31 51
82 40 162
8 16 35
4 3 8
674 72 855
880 24 1312
53 9 74
507 36 640
1 11 18
6 62 89
84 10 127
69 93 195
3 55 80
72 34 127
88 46 181
96 17 135
85 82 223
565 73 711
379 20 598
430 64 719
4 49 53
7 75 112
4 63 87
80 95 182
1 62 70
581 99 718
920 57 1051
1 45 68
4 91 100
3 24 38
371 34 525
40 74 119
31 1 37
10 39 56
829 62 1301
452 47 622
47 46 96
174 100 384
640 62 1044
3 85 122
9 58 76
19 83 150
1000 79 1125
1 79 94
698 3 864
8 3 15
73 57 136
621 19 712
3 38 49
8 37 49
3 8 13
10 11 28
2 33 51
63 88 206
8 90 113
366 52 471
441 64 725
1 97 142
7 74 100
74 18 138
495 56 646
267 13 318
2 69 80
7 40 68
862 98 1189
685 44 1028
94 24 158
7 38 46
65 25 120
720 98 947
65 83 183
54 24 100
50 73 157
584 97 911
632 95 756
63 23 110
6 29 47
1 99 116
581 18 722
7 47 58
28 100 190
787 15 1184
305 28 379
712 60 1039
812 30 1110
88 92 192
6 75 103
1 55 80
995 37 1443
862 43 1238
504 87 842
712 99 916
140 39 238
520 82 772
20 30 67
4 90 102
977 93 1368
90 10 133
151 6 181
31 59 114
460 31 559
143 83 294
368 64 535
34 23 61
100 89 218
34 73 156
2 56 67
56 2 81
10 65 83
1 85 103
83 67 202
36 82 118
426 27 581
551 18 694
658 70 759
590 28 628
