400
10 29 54
1 74 108
851 21 1071
61 74 154
4 8 13
485 2 669
235 62 321
264 47 372
86 93 189
659 92 1092
39 55 133
6 98 137
4 91 118
724 40 812
1 33 34
3 24 37
2 10 16
72 72 175
43 91 153
40 63 146
8 32 41
10 82 120
38 94 194
31 63 135
8 45 79
1 77 103
4 85 94
2 23 27
488 47 580
857 41 1163
259 44 352
7 26 47
58 92 178
32 85 126
42 31 88
4 71 78
4 10 14
9 7 23
455 70 704
17 44 68
3 9 12
647 73 787
78 6 118
25 93 170
3 53 61
57 66 159
561 32 796
464 31 648
99 12 118
9 9 23
345 63 612
96 52 172
785 65 1231
4 80 96
788 32 862
375 63 438
5 10 21
70 78 175
19 69 98
43 91 143
768 71 915
796 63 1123
953 100 1214
29 60 133
50 83 198
246 65 311
66 46 147
579 76 745
6 56 92
370 19 494
7 14 29
498 93 780
10 2 15
802 97 1257
903 91 1321
95 4 126
427 98 683
54 67 157
658 26 814
9 42 61
1 8 13
9 51 71
6 3 13
10 36 54
4 61 83
7 39 50
6 59 65
61 27 115
88 41 183
8 15 25
15 47 79
64 45 136
2 91 131
2 71 76
579 39 860
2 11 17
852 88 1097
44 57 140
61 85 207
67 38 118
3 77 116
79 40 134
10 6 17
789 37 1029
2 15 19
33 26 75
40 49 133
321 51 407
2 32 40
10 75 100
69 62 163
852 84 1393
18 62 105
29 53 108
6 52 68
31 66 106
897 5 1140
8 49 75
20 10 35
264 27 419
239 4 274
5 3 12
161 91 374
658 43 797
290 77 456
136 2 158
626 23 732
348 94 469
7 97 141
25 69 105
242 70 444
37 4 44
313 51 506
7 46 75
78 14 129
736 65 957
8 16 31
100 6 123
911 46 957
4 45 61
568 10 602
423 16 560
8 15 27
761 54 1087
10 4 21
75 7 110
443 19 520
342 17 369
578 41 876
470 52 700
7 94 101
4 28 48
1 75 99
230 85 317
400 9 593
95 23 130
235 40 372
410 89 710
3 90 139
181 75 334
393 26 549
444 53 508
428 71 598
3 18 24
504 94 742
750 57 1175
44 37 99
1 61 91
23 84 107
91 9 122
206 57 371
4 75 114
82 86 177
3 76 87
420 9 481
6 33 56
6 86 107
10 96 131
1 47 72
4 65 98
4 33 49
743 1 1046
5 84 97
3 99 142
8 77 111
95 86 270
886 82 1174
584 62 948
841 82 1221
9 55 73
245 81 403
184 95 375
703 10 1016
5 47 76
704 10 1033
61 44 110
87 94 268
59 81 147
53 46 111
45 75 150
792 19 1078
2 84 101
1 86 106
6 9 20
166 13 180
92 61 209
852 69 1257
26 48 76
281 88 496
377 48 457
9 66 111
332 58 545
1 96 106
74 32 152
363 20 407
483 4 511
886 28 1255
25 59 94
5 2 9
5 54 83
9 85 115
9 56 67
911 7 1297
8 67 90
15 73 112
563 15 609
80 83 205
309 98 552
769 64 915
2 55 68
52 91 175
92 89 216
9 51 85
26 41 75
4 43 70
73 70 189
104 22 188
932 42 1232
79 89 214
1 60 87
986 66 1528
99 75 190
730 73 1097
18 8 31
1 43 66
375 16 472
624 28 667
82 93 183
4 78 120
237 57 306
546 55 632
881 11 1190
86 82 242
2 64 80
1 64 70
615 24 807
6 77 112
50 86 190
716 31 993
52 14 95
1 79 117
23 17 56
8 38 56
77 25 117
506 13 648
132 56 241
78 22 142
7 57 78
156 96 363
216 60 304
353 51 404
77 91 222
8 33 59
603 50 689
390 15 530
91 42 183
367 33 588
21 98 159
134 24 200
627 25 725
4 92 140
4 12 18
45 95 206
534 2 573
77 53 195
78 24 144
817 57 1285
950 54 1005
758 95 941
73 25 130
45 57 144
58 97 193
682 70 874
89 61 207
74 62 166
97 88 229
785 24 1042
28 3 39
64 20 105
3 74 86
798 70 1165
21 74 107
3 97 105
335 83 470
6 85 115
26 75 134
808 70 994
58 16 110
855 87 1058
9 18 32
3 33 46
189 83 400
95 33 160
2 7 9
987 62 1141
1 51 67
18 20 53
78 7 126
708 17 900
987 68 1122
492 52 708
36 20 58
37 19 82
71 91 194
74 42 149
835 86 1185
308 14 422
812 66 1115
73 72 153
9 62 104
5 1 6
1 34 35
574 18 754
525 1 569
4 65 79
10 81 126
3 79 106
3 45 61
690 81 837
23 24 62
76 99 201
561 5 671
923 72 1348
848 2 986
99 60 198
56 71 147
93 74 216
309 4 444
68 65 185
1 34 41
6 72 95
827 21 848
927 51 1122
244 76 343
84 33 158
52 23 79
5 92 141
94 63 173
847 1 1051
15 61 101
10 84 94
1 92 93
921 63 1047
1 51 70
12 31 51
6 5 12
80 41 172
42 61 130
2 90 130
4 59 87
15 50 84
2 45 64
904 100 1196
55 67 177
59 7 84
882 67 975
37 78 169
1 50 73
854 79 1078
417 92 533
780 18 810
6 12 23
356 54 485
2 92 107
3 24 39
50 59 160
69 12 93
633 68 986
268 14 343
5 32 42
7 58 95
73 49 164
3 61 71
3 68 96
109 88 211
566 76 686
59 13 92
121 98 259
9 39 68
203 30 254
