100
9 2 17
7 1 14
10 2 16
10 2 12
10 3 18
9 15 28
3 14 17
10 15 32
7 14 26
15 12 1512
8 25 38
9 15 29
4 22 31
12 24 40
10 28 46
16 29 54
12 46 67
10 41 51
4 35 39
9 40 49
10 48 65
12 46 64
9 59 75
10 52 1052
9 37 50
7 47 62
6 84 90
8 68 76
4 60 64
6 56 62
2 78 84
15 77 102
5 92 97
10 69 79
11 90 107
9 93 102
13 95 114
10 72 82
13 90 1390
12 70 89
9 106 115
12 103 115
7 117 129
11 132 148
12 106 124
1 129 137
11 118 129
7 109 124
11 100 119
10 114 124
10 115 1115
15 144 167
8 151 165
7 119 134
7 142 156
13 118 138
12 172 188
9 188 197
9 124 137
5 104 114
10 156 172
8 138 153
10 173 191
12 139 151
9 177 186
9 158 174
7 178 193
10 81 91
12 127 145
12 124 142
6 156 166
10 172 190
17 185 210
5 218 223
9 237 253
13 170 188
9 209 222
6 174 187
13 153 172
11 191 206
9 187 203
6 219 225
10 165 179
8 161 169
8 237 250
15 222 244
12 211 228
4 277 288
11 178 196
8 225 233
9 309 318
10 216 233
7 238 252
7 227 927
15 270 291
8 294 307
13 250 263
13 261 274
11 231 246
11 204 221
