250
9 2 11
11 2 15
11 1 12
8 2 10
8 2 19
9 13 22
10 17 32
9 16 31
7 12 26
5 17 30
9 22 31
9 31 40
5 27 40
11 27 44
5 22 27
5 35 48
9 40 54
3 36 46
11 29 47
8 40 48
8 56 71
7 64 76
7 53 60
13 41 62
15 65 87
11 53 64
11 60 75
6 57 68
12 73 92
8 80 93
10 78 95
15 58 79
8 79 87
4 69 73
8 86 101
13 111 130
9 102 116
6 71 84
13 93 112
7 88 101
13 97 110
11 98 109
1 99 100
11 109 120
10 81 91
10 151 168
11 95 113
12 108 120
6 111 122
9 135 144
2 101 109
7 140 147
10 115 135
9 115 131
8 147 158
5 131 142
7 154 165
12 164 181
8 144 157
12 145 163
9 167 181
12 128 146
9 140 149
5 194 205
13 166 186
15 141 156
9 151 164
13 112 127
11 187 198
9 169 182
9 173 182
10 186 204
12 140 156
13 146 159
13 196 217
9 190 208
10 257 273
7 196 896
3 162 462
6 183 189
9 193 210
6 206 222
8 163 179
12 201 221
5 209 219
5 218 234
8 249 265
10 226 245
12 199 215
5 242 253
9 165 179
8 250 264
8 212 225
12 159 174
13 280 293
15 329 344
2 253 255
5 258 268
13 178 198
13 253 273
9 167 183
10 233 243
16 218 242
6 306 320
15 333 353
11 236 255
10 289 308
7 309 321
12 211 223
9 311 322
6 223 237
4 321 325
4 308 319
8 305 317
9 306 1206
13 261 274
12 270 289
5 249 261
15 314 336
8 316 324
12 206 225
13 292 305
5 287 295
10 334 351
12 291 309
9 290 299
8 385 397
10 394 413
8 270 278
9 341 356
7 296 308
9 392 407
16 322 341
6 405 416
3 361 369
6 273 286
12 286 298
10 315 325
10 388 403
11 403 414
2 336 348
8 247 262
7 321 333
8 315 323
12 324 344
12 357 382
6 451 457
8 305 320
14 426 447
10 357 373
13 449 462
9 321 335
12 312 330
11 394 415
7 375 386
2 362 364
10 432 442
6 504 515
9 469 482
10 415 1415
9 421 1321
11 394 1494
9 334 343
14 516 1916
15 382 397
12 411 423
15 433 456
13 422 443
10 441 460
9 406 421
8 470 483
8 423 437
6 494 505
12 304 322
13 425 445
14 414 434
9 384 399
12 465 486
9 545 565
5 398 898
11 449 463
5 463 474
8 529 545
10 465 482
4 576 580
10 578 593
9 409 425
7 453 467
8 531 543
6 464 470
13 484 497
14 508 522
6 434 446
13 366 387
11 616 635
5 354 368
12 487 499
10 472 482
10 618 628
9 421 437
12 497 518
5 538 546
12 481 493
12 577 596
4 534 545
4 562 571
4 594 606
12 554 573
11 456 473
5 563 574
12 518 536
5 514 523
12 479 499
15 423 438
11 568 586
6 487 497
14 595 1995
10 636 651
10 563 573
8 461 474
3 577 580
9 244 256
14 609 623
13 507 528
12 560 581
8 446 462
12 593 611
12 525 537
5 560 572
9 426 435
9 541 550
8 711 724
10 697 1697
10 640 660
10 628 638
10 771 787
12 742 760
10 527 543
9 593 1493
8 451 467
8 464 479
12 624 642
12 548 560
13 664 677
7 686 693
9 743 759
6 591 597
9 669 678
9 531 548
15 653 2153
