350
12 1 13
7 2 9
10 2 19
13 2 21
9 2 19
8 17 33
8 14 27
10 15 32
11 12 30
11 9 29
12 30 48
9 18 34
6 17 23
5 21 26
9 30 42
14 34 48
10 29 39
6 45 57
9 36 53
5 51 56
6 50 63
11 61 1161
9 67 82
7 46 58
10 44 61
13 52 72
9 86 99
10 52 68
10 72 82
3 67 70
12 61 82
13 67 80
9 74 88
10 60 77
5 72 84
9 90 99
3 82 90
10 96 114
7 84 99
6 105 705
4 97 101
11 114 125
9 95 109
9 102 118
9 100 109
15 110 133
12 163 179
12 127 145
7 112 119
9 109 118
8 119 135
10 97 112
7 177 184
11 120 131
10 92 102
10 133 147
9 170 179
14 137 158
12 129 148
12 145 157
12 155 174
10 203 221
12 135 153
9 119 128
18 158 184
11 198 217
11 208 226
15 143 163
5 203 213
6 177 189
14 227 241
4 179 579
8 195 208
8 200 208
3 198 498
8 182 199
7 134 149
6 157 163
11 176 193
9 178 1078
9 197 214
6 169 181
8 239 257
16 154 170
8 211 224
8 202 210
12 225 237
6 202 215
9 264 281
12 223 243
9 280 296
7 243 250
6 175 191
9 250 259
7 230 237
12 261 279
8 276 289
14 235 249
13 179 199
11 164 181
12 258 277
11 267 286
5 192 197
10 274 284
12 284 296
5 289 294
7 164 174
15 287 309
9 266 275
6 279 293
8 264 278
10 323 333
12 320 332
7 205 217
12 257 274
8 224 232
12 335 347
10 274 1274
9 185 198
8 313 321
7 269 276
3 232 241
10 213 231
10 262 272
10 294 311
10 365 375
16 287 309
11 417 428
11 310 321
7 348 355
7 302 309
9 316 325
9 315 328
12 275 294
13 293 306
8 310 322
10 347 357
7 236 936
8 430 445
13 327 346
7 375 391
9 298 313
10 348 358
11 354 371
12 296 313
11 292 303
11 365 382
12 271 292
13 396 418
10 314 324
8 390 398
10 432 442
10 375 393
12 410 428
9 399 1299
11 402 421
11 391 411
6 438 444
8 419 433
7 341 348
8 483 491
9 389 406
14 342 363
14 321 341
15 389 408
6 396 402
12 323 339
9 327 343
8 557 569
3 317 323
15 470 493
5 498 508
8 372 380
11 354 372
7 379 391
12 381 403
9 455 464
12 474 493
13 423 440
7 363 370
9 460 474
11 526 542
11 524 541
7 478 485
9 511 526
16 458 479
10 414 429
8 429 437
4 569 573
11 432 448
13 546 559
7 433 1133
10 533 552
8 489 504
8 516 531
6 442 455
12 429 441
12 387 406
4 504 513
13 397 410
10 553 570
11 525 541
10 495 512
15 558 578
14 455 469
11 565 584
8 479 491
12 603 621
9 621 637
9 506 515
12 525 541
9 612 1512
14 438 461
7 545 558
10 480 496
12 565 583
10 641 656
6 658 664
10 526 536
7 535 548
15 585 604
12 603 624
9 597 615
10 425 435
10 494 512
10 685 703
19 572 598
9 495 510
9 684 703
10 669 1669
13 590 613
8 495 1295
12 624 644
5 498 510
12 643 661
12 570 582
10 691 707
6 517 530
18 684 710
8 501 514
18 538 562
12 771 783
4 695 699
9 653 1553
7 431 444
9 633 648
11 551 571
8 556 564
11 648 668
10 656 671
11 667 678
9 648 657
7 541 555
13 673 686
12 442 454
11 779 794
12 550 566
10 475 485
8 595 610
10 735 745
8 872 880
7 649 662
8 641 653
14 837 851
8 745 761
8 694 709
13 493 513
6 653 659
11 739 750
9 856 865
8 609 625
7 786 797
5 483 488
10 593 610
10 684 694
11 719 730
9 705 1605
8 683 697
11 788 799
9 550 568
8 496 510
9 566 582
8 820 828
11 668 684
11 812 823
10 571 585
10 629 639
14 720 741
6 511 517
9 1005 1019
6 713 719
12 835 2035
11 699 715
10 1015 1029
8 787 1587
10 877 893
9 710 725
3 780 787
9 721 730
11 755 770
11 716 733
9 711 720
13 737 758
11 822 833
10 728 743
13 721 740
10 623 639
12 810 829
13 677 697
8 804 812
12 687 708
17 759 782
14 733 747
9 874 886
8 867 884
6 575 587
5 755 767
11 872 892
7 550 557
12 539 555
10 1016 1032
10 850 869
7 825 840
14 841 855
13 807 820
7 709 722
7 1085 1100
13 940 957
7 959 966
11 694 711
5 793 798
2 827 833
14 827 841
13 879 902
8 772 1572
11 736 747
7 801 808
13 913 935
8 646 657
9 955 964
14 716 739
12 627 639
5 1043 1053
9 798 812
10 1127 1137
8 782 797
6 727 733
6 759 765
15 918 940
7 777 789
