450
12 2 22
4 2 11
13 1 1301
10 2 12
6 2 8
7 19 36
11 13 31
13 17 30
1 11 20
11 11 28
12 22 34
10 26 36
8 24 32
6 25 38
8 29 37
8 39 53
11 44 59
6 47 61
6 36 42
10 42 60
7 65 72
11 48 63
13 53 66
5 52 57
7 49 56
13 76 89
11 66 85
8 78 93
7 59 66
8 56 72
7 56 68
9 66 81
13 78 98
12 73 91
9 81 981
8 91 103
10 89 99
14 98 116
3 111 119
13 85 101
7 96 110
10 104 124
18 101 127
13 129 142
11 127 138
5 100 114
17 91 108
11 109 126
13 104 123
11 134 151
13 123 145
14 127 145
9 150 167
9 152 161
15 134 155
8 149 163
12 133 1333
11 156 172
9 138 156
13 167 187
10 165 175
6 134 147
8 159 175
7 151 158
8 172 188
15 146 166
8 175 191
13 163 184
10 173 185
11 133 152
11 207 225
11 216 231
2 168 170
12 151 168
10 157 175
14 174 195
11 137 148
8 163 178
11 219 239
9 190 207
13 224 237
4 227 238
3 195 198
12 205 221
9 221 230
10 207 1207
10 245 255
6 136 148
10 212 229
7 198 205
7 234 245
11 216 234
10 220 230
11 251 268
10 195 211
4 219 230
12 306 321
4 279 288
7 248 265
8 288 303
7 278 285
9 291 300
10 256 271
9 216 225
11 242 259
10 221 237
17 291 314
9 263 278
9 303 320
11 278 292
3 254 263
16 300 323
14 198 221
5 336 836
6 251 851
5 196 210
15 323 338
6 285 301
10 310 327
10 317 334
14 230 252
12 292 304
6 310 322
10 297 312
11 350 361
4 303 307
10 343 356
8 331 345
8 378 393
8 303 316
10 291 301
11 317 335
12 263 283
8 362 377
6 186 192
10 329 339
12 359 371
11 357 368
12 295 311
9 371 389
9 383 397
6 346 358
12 371 388
12 358 376
11 319 330
10 326 336
11 415 435
7 253 953
5 357 371
5 385 397
8 273 281
14 367 388
12 424 445
10 350 367
13 468 481
8 415 428
6 400 414
9 319 328
8 410 418
4 458 468
5 324 335
13 405 424
8 388 404
16 365 384
7 366 373
12 440 452
12 501 513
7 425 440
6 376 389
7 303 310
11 413 1513
11 373 391
10 304 321
9 360 374
9 358 367
10 532 547
13 431 1731
10 449 465
12 428 448
5 437 449
8 481 489
9 450 459
9 360 369
7 436 451
9 495 511
10 475 494
7 448 462
12 462 1662
13 438 459
5 428 440
8 444 461
6 551 557
11 453 473
9 526 535
9 438 455
12 520 539
11 513 528
15 611 626
12 492 504
9 415 430
9 409 426
9 535 550
7 535 552
11 561 579
9 564 573
10 581 597
11 607 625
8 648 665
8 607 615
5 638 649
9 410 426
11 447 464
10 552 569
7 527 534
8 613 628
9 484 493
16 605 626
5 582 594
11 535 546
7 556 563
12 641 657
11 502 513
6 451 463
12 574 595
11 600 611
9 530 539
14 502 520
7 393 407
6 557 563
10 616 632
9 516 525
5 703 713
7 573 586
8 485 498
9 460 469
11 589 603
11 636 647
6 460 473
4 543 552
6 701 707
13 687 706
14 650 676
10 553 563
7 569 583
4 615 627
7 597 611
12 645 657
7 613 626
3 642 650
9 654 668
10 604 614
6 735 749
11 629 1729
5 659 670
11 710 728
11 656 671
10 674 684
8 601 616
11 830 841
11 672 1772
14 553 567
10 580 597
9 646 660
8 580 595
13 723 740
5 816 827
8 680 693
8 653 666
10 851 861
12 633 651
10 659 674
6 550 556
12 741 1941
11 706 721
8 575 590
9 794 1694
7 554 571
11 680 697
10 643 653
1 693 699
11 812 827
8 774 790
12 683 703
15 632 647
9 611 627
10 617 627
6 611 621
9 721 736
8 626 639
10 644 661
10 688 705
10 784 1784
7 549 564
11 741 759
11 859 877
9 742 759
9 954 972
9 720 736
13 712 733
6 600 610
15 768 789
9 799 814
12 767 786
7 835 850
6 995 1001
8 890 904
8 582 596
8 688 696
8 645 653
9 1040 1059
9 818 827
8 960 975
5 764 774
3 691 704
5 993 998
4 718 730
8 808 816
11 564 582
11 751 766
14 689 707
7 741 755
6 756 766
12 634 651
8 937 945
9 870 885
6 772 782
14 709 729
10 779 789
8 945 953
9 1014 1030
9 811 820
15 642 657
14 543 557
9 792 809
6 1040 1054
11 774 793
6 791 802
7 867 874
10 958 968
10 892 902
7 1027 1034
9 946 963
4 909 913
9 885 900
8 655 663
5 679 691
8 690 707
7 760 773
14 893 913
4 844 848
12 631 651
6 927 933
10 818 833
11 732 749
6 910 916
14 714 733
8 784 796
8 732 746
7 875 1575
14 781 802
11 959 970
6 1076 1088
6 883 889
10 1198 1215
7 934 1634
11 1032 1049
10 787 797
9 906 922
8 1096 1110
13 719 741
6 933 939
12 728 740
3 1135 1146
10 969 979
15 1169 1184
10 973 983
11 758 774
14 994 1016
9 883 892
8 1023 1037
6 1227 1237
6 940 951
13 663 683
5 763 777
9 738 747
16 1170 1194
6 1264 1270
10 1107 1121
9 838 854
7 919 931
10 918 936
10 1066 1076
7 1174 1189
10 800 818
6 885 891
12 983 1001
13 804 823
9 1041 1057
10 833 850
5 1324 1329
14 1284 1304
5 1105 1116
12 892 908
9 781 796
11 1073 1084
11 1218 1236
7 1107 1114
16 1246 1268
12 1178 1197
14 1006 1026
12 1214 1231
12 1036 1048
9 907 916
7 1017 1024
7 1001 1008
10 881 897
13 1004 1017
11 1167 1178
8 1321 1335
8 1123 1131
9 1157 1166
10 890 905
9 1074 1083
13 1146 1166
15 1266 1289
14 944 966
11 1092 1110
10 670 688
7 1127 1142
7 1170 1177
5 1233 1246
9 1324 1333
8 1007 1020
6 1104 1117
12 1021 1037
13 1077 1095
12 1513 1530
17 956 983
4 742 756
11 943 961
11 733 744
9 1249 1264
10 1270 1288
5 1349 1361
14 833 853
9 1066 1084
8 1191 1205
10 1140 1150
15 1032 1047
5 881 892
