500
9 2 11
6 2 17
7 2 18
10 2 16
11 3 14
8 16 32
8 14 25
3 11 24
11 12 32
7 13 28
7 29 41
7 23 34
15 32 47
10 23 41
10 31 41
9 42 58
12 38 57
13 32 49
17 34 57
11 34 51
9 51 69
10 53 63
8 44 56
5 60 71
7 73 86
4 86 98
8 54 70
8 61 76
6 74 80
6 64 78
13 80 93
9 70 79
6 96 111
10 95 115
4 60 69
6 92 98
11 96 107
9 105 114
11 72 91
6 103 115
11 111 129
11 98 109
9 104 118
11 88 106
5 105 110
5 97 102
7 114 121
11 116 135
14 144 164
11 144 161
6 129 143
6 134 734
9 107 120
6 154 169
9 133 148
13 131 150
9 166 1066
2 126 138
9 158 173
10 123 133
12 166 186
6 159 165
7 197 211
10 164 179
10 167 1167
3 214 217
7 125 141
8 193 201
10 149 159
11 146 165
9 166 175
8 119 127
13 150 170
6 178 778
8 148 165
10 192 202
11 189 205
11 224 235
8 163 171
12 173 1373
6 182 188
12 223 235
6 206 217
13 195 210
10 232 249
13 247 266
9 231 240
9 210 224
11 236 255
8 278 286
11 254 265
4 236 240
6 262 274
9 135 151
8 225 241
10 218 235
6 290 296
12 244 260
6 212 223
6 182 191
14 235 1635
9 208 225
9 237 253
16 208 224
10 294 309
3 270 281
4 310 321
14 297 311
6 311 325
10 238 250
12 347 364
7 297 310
13 316 336
15 258 278
6 275 281
14 265 286
16 311 331
12 275 295
10 338 354
10 320 330
6 284 298
15 280 295
7 277 291
3 342 350
10 300 314
10 317 335
8 204 212
14 346 366
12 324 339
16 307 328
5 307 312
5 325 339
7 373 386
7 303 317
11 380 391
13 328 348
9 300 313
8 298 310
12 288 306
8 351 359
13 391 404
11 315 332
10 310 325
5 289 303
8 317 328
3 347 647
6 430 446
9 455 472
8 422 1222
15 425 446
11 280 291
12 330 345
13 426 443
12 405 417
2 383 392
9 451 464
8 363 378
7 481 494
7 323 339
12 304 323
8 372 380
10 462 483
7 401 408
9 452 461
11 376 394
8 488 496
15 435 457
10 470 480
6 522 535
6 451 1051
11 435 456
5 414 428
9 377 391
15 395 410
12 429 445
14 471 493
7 458 470
12 291 311
16 471 492
8 395 414
7 381 388
10 552 568
6 473 485
15 344 364
11 507 520
12 374 1574
9 335 353
7 474 490
10 405 415
13 431 450
10 570 588
8 435 449
14 514 531
6 572 585
5 300 315
14 483 503
7 437 444
12 585 603
9 428 437
9 518 527
9 482 1382
6 425 437
4 571 581
13 620 639
11 521 540
13 480 500
10 536 552
9 412 427
4 461 465
7 473 485
10 641 651
9 527 536
5 557 572
11 429 440
10 587 604
7 553 560
4 604 608
13 571 591
11 465 481
11 461 477
5 634 1134
12 416 434
9 577 586
10 462 472
10 660 670
9 552 569
7 635 651
3 569 578
9 492 1392
6 675 687
12 623 642
13 700 720
12 646 665
12 554 574
10 455 1455
8 640 655
8 648 664
13 548 568
12 727 745
8 581 589
11 637 648
10 525 538
8 694 709
14 695 709
11 693 704
7 785 800
13 599 621
12 647 665
6 690 703
4 773 783
13 637 657
8 567 575
11 685 696
10 595 612
9 657 674
13 622 635
8 596 609
9 642 653
7 619 631
16 646 666
8 774 789
4 743 756
6 720 733
13 661 679
7 717 731
15 635 653
13 606 628
4 571 582
7 691 704
12 583 599
11 806 824
7 711 724
7 679 686
13 754 767
8 765 773
14 757 776
5 707 1207
13 653 673
9 542 563
10 780 790
8 610 623
12 854 872
7 842 858
12 847 859
13 507 527
10 660 678
10 811 826
10 764 782
12 464 476
6 721 735
12 799 811
10 684 694
13 690 708
7 684 699
11 720 736
8 791 799
5 760 772
16 640 656
11 886 906
14 641 2041
13 597 617
11 656 674
10 878 893
12 833 853
9 580 595
10 678 695
8 719 727
10 800 810
11 787 798
14 914 928
10 753 768
13 1063 1082
4 802 813
3 878 887
11 893 911
5 768 781
6 1070 1076
10 1106 1123
5 753 760
11 701 718
6 639 1239
13 597 621
8 741 749
15 623 645
10 749 759
8 937 951
5 914 919
9 780 797
13 531 551
4 775 785
11 785 803
12 754 766
8 918 926
5 795 807
4 689 700
5 859 864
9 1029 1043
9 893 909
13 1130 1149
11 925 936
9 926 935
8 657 665
11 935 951
9 904 918
7 841 853
9 726 742
6 776 786
9 760 775
7 691 705
13 795 808
13 798 820
8 755 771
7 648 663
10 479 497
11 1007 1018
10 1042 1057
9 1026 1035
12 1143 1162
10 918 928
10 831 848
12 991 1003
12 832 844
6 1025 1041
10 652 668
10 834 851
10 942 952
8 1079 1092
8 877 892
13 801 819
16 890 906
10 1091 2091
7 1057 1070
3 889 892
11 1055 1071
11 1042 1058
11 951 962
9 928 944
3 650 660
5 937 948
12 1083 1100
10 894 911
8 923 931
7 1006 1021
9 994 1010
9 655 664
14 852 866
13 988 1009
12 879 896
12 1052 1074
7 886 893
14 893 914
11 1052 1063
10 934 952
9 1080 1089
14 1223 1245
15 1282 1297
11 828 844
9 824 838
11 870 888
6 974 1574
9 1013 1029
1 1071 1080
9 1023 1038
11 1321 1342
13 889 914
6 1263 1863
12 880 900
10 1021 1031
12 897 915
6 1068 1079
12 1273 1291
11 795 810
9 1089 1103
10 1133 1145
9 787 801
8 1040 1055
6 938 949
4 958 973
8 1036 1044
10 867 880
6 1116 1129
7 777 790
9 1017 1033
12 1213 1230
8 985 993
11 1176 1194
7 1290 1297
12 881 895
15 1372 1396
10 1196 1212
7 1149 1165
6 1163 1763
9 843 860
11 1151 1169
10 904 921
11 1085 1100
9 1097 1114
11 686 703
7 997 1009
10 1089 1106
11 924 2024
7 1144 1161
13 1168 1185
11 1340 1357
11 942 953
9 1091 1100
11 947 964
11 1015 1026
10 1205 1224
12 1342 1364
11 874 885
5 1170 1181
11 1088 1107
12 1404 1416
9 1331 1348
10 1215 1232
12 1271 2471
11 1202 1221
6 1078 1092
12 722 740
9 932 941
12 1228 1244
11 1047 1061
10 1219 1237
14 1018 1039
13 962 979
10 1351 1361
11 1246 1265
4 926 930
9 1260 1273
7 1213 1229
9 1221 1230
10 1250 1265
8 1461 1478
3 1051 1054
11 1200 1211
11 1157 1172
11 973 991
8 1118 1126
13 1077 1096
8 1094 1110
7 1177 1184
8 1323 1339
8 1103 1111
13 1458 1478
9 1513 1522
12 954 975
10 1023 1038
6 1067 1079
9 889 906
10 1474 1490
13 1481 1499
8 1105 1113
6 1164 1170
12 978 990
14 1365 1384
4 1226 1233
7 1367 1380
12 945 957
7 1194 1201
