150
70 0 127
20 1 48
30 0 43
48 0 60
73 4 78
21 2 47
48 8 127
10 4 70
100 72 172
100 72 172
100 72 172
100 72 172
10 122 132
10 122 132
10 122 132
10 122 132
10 132 142
10 132 142
10 132 142
10 132 142
10 142 152
10 142 152
10 142 152
10 142 152
10 152 162
10 152 162
10 152 162
10 152 162
10 162 172
10 162 172
10 162 172
10 162 172
10 172 182
10 172 182
10 172 182
10 172 182
10 182 192
10 182 192
10 182 192
10 182 192
10 192 202
10 192 202
10 192 202
10 192 202
10 202 212
10 202 212
10 202 212
10 202 212
10 212 222
10 212 222
10 212 222
10 212 222
88 339 450
53 349 442
23 348 444
98 344 486
17 379 442
12 373 408
20 383 439
72 372 507
66 401 521
17 395 439
16 403 460
93 388 507
74 413 554
31 414 501
60 421 545
90 430 540
79 441 555
43 448 531
93 440 547
62 449 534
27 468 538
93 471 616
55 484 560
51 480 581
71 493 629
16 503 556
69 493 623
57 489 581
91 531 631
92 529 635
10 525 544
82 531 639
35 546 647
55 565 647
18 560 655
10 561 642
22 575 638
21 584 681
96 580 690
51 581 696
11 616 690
60 613 713
16 599 680
82 606 734
61 641 750
90 629 757
70 641 713
72 644 769
33 658 700
72 661 806
60 658 792
78 648 767
33 692 770
96 674 808
65 683 753
97 686 839
41 700 756
88 714 873
51 702 778
79 714 835
33 734 780
81 725 878
60 741 848
63 751 870
43 768 817
51 772 865
14 751 839
16 759 788
93 780 917
83 794 936
20 795 840
60 790 859
62 809 878
31 807 893
62 803 938
76 811 943
49 838 916
48 832 946
29 836 880
23 846 940
42 866 942
47 862 964
10 869 882
10 869 941
67 899 983
11 885 947
73 907 1041
42 901 996
47 930 980
46 926 989
17 915 988
10 934 1007
49 950 1037
89 953 1116
25 946 1042
68 936 1079
97 968 1091
43 979 1069