250
200 1 451
97 1 371
16 0 297
49 1 390
162 9 382
69 2 416
151 8 456
37 9 397
58 138 446
163 112 526
133 114 602
160 119 620
178 118 555
144 121 480
137 128 481
72 146 464
21 144 418
118 137 467
122 143 557
170 132 573
65 393 458
163 407 570
85 317 402
73 374 447
154 457 611
31 383 414
42 234 276
151 382 533
116 446 562
177 256 433
35 281 316
162 291 453
112 262 374
191 287 478
170 544 714
102 338 440
27 493 520
109 256 365
171 416 587
22 295 317
12 1087 1188
58 1030 1161
22 1077 1181
94 995 1228
163 1127 1305
184 1139 1430
132 1064 1231
186 1264 1556
147 1257 1554
179 1252 1569
32 1417 1453
114 1365 1514
62 1401 1530
48 1394 1452
180 1450 1679
56 1459 1622
190 1422 1762
84 1585 1776
189 1601 1924
21 1542 1657
38 1505 1649
86 1560 1683
11 1693 1781
187 1701 1942
109 1619 1861
164 1587 1880
134 1869 2056
117 1770 1941
148 1782 1999
116 1897 2136
44 1910 2001
155 1858 2166
139 1891 2147
106 2101 2335
137 1989 2173
125 1952 2171
99 2206 2404
167 2148 2366
156 2175 2415
148 2263 2532
48 2333 2509
60 2302 2503
84 2258 2488
179 2241 2547
146 2414 2563
144 2339 2570
76 2569 2734
184 2485 2685
94 2511 2720
126 2506 2644
106 2664 2890
116 2616 2735
104 2634 2753
92 2584 2766
27 2756 2834
197 2723 3022
92 2701 2857
18 2728 2804
156 2659 2815
93 2889 3136
119 2811 3045
21 2753 2796
57 2789 3000
137 2950 3187
111 2871 3102
143 2878 3169
77 2884 2970
73 3023 3156
119 3038 3309
82 2989 3151
163 2998 3313
171 3111 3286
105 3159 3276
165 3053 3271
136 3292 3489
27 3235 3314
166 3280 3581
59 3456 3631
199 3326 3554
46 3357 3425
104 3353 3484
122 3492 3671
14 3525 3557
114 3469 3736
30 3464 3641
160 3370 3672
106 3552 3689
65 3607 3797
176 3507 3749
65 3470 3636
133 3694 3867
91 3677 3864
55 3674 3859
38 3622 3796
125 3557 3720
62 3766 3971
52 3764 3850
190 3749 3940
136 3692 3944
65 3845 3957
56 3833 3971
166 3868 4056
75 3809 3890
171 3929 4137
159 3934 4198
52 3911 4112
102 3861 4033
174 4048 4225
103 4121 4306
93 3997 4168
55 4243 4317
83 4157 4243
70 4141 4213
83 4120 4225
132 4106 4379
110 4259 4475
46 4315 4437
74 4220 4313
169 4164 4391
16 4378 4505
100 4403 4623
81 4386 4608
189 4357 4566
36 4337 4447
188 4524 4782
73 4394 4589
176 4456 4661
45 4561 4673
165 4585 4895
167 4580 4808
100 4713 4889
35 4683 4859
57 4701 4838
126 4672 4809
159 4630 4893
154 4812 5071
20 4750 4777
11 4805 4943
178 4706 4893
45 4939 5138
81 4920 5119
163 4898 5174
149 4809 5079
52 5031 5087
42 4983 5053
79 4991 5208
40 4961 5110
189 4924 5171
72 5138 5280
192 5059 5327
64 5027 5170
13 5000 5088
82 4965 5101
155 5210 5402
95 5122 5305
55 5072 5278
109 5145 5281
25 5292 5440
186 5238 5513
33 5265 5323
167 5209 5404
40 5425 5604
46 5324 5380
109 5375 5593
88 5297 5504
110 5276 5516
100 5205 5393
97 5447 5590
77 5421 5578
195 5422 5711
150 5532 5795
101 5532 5716
54 5558 5723
111 5472 5728
90 5676 5804
87 5651 5888
145 5641 5871
25 5605 5741
24 5558 5725
113 5508 5641
17 5775 5831
46 5714 5892
160 5726 6034
178 5652 5912
18 5841 5933
51 5839 6045
152 5753 6055
156 5767 6050
159 5916 6136
108 5896 6028
178 5915 6171
141 6087 6318
67 6039 6255
37 6020 6138
48 5960 6119
121 6005 6212
99 6146 6246
113 6102 6229
105 6101 6246
37 6121 6287
66 6209 6298
188 6175 6508
136 6143 6299
183 6153 6353
23 6335 6380
36 6382 6565
117 6341 6548
76 6317 6514
69 6250 6348
148 6454 6609