350
271 0 749
223 10 240
110 479 672
13 492 598
197 689 938
59 748 812
103 851 985
75 926 1060
120 1046 1184
176 1222 1433
243 0 699
261 10 295
61 479 541
125 604 732
54 658 767
112 770 958
47 817 888
142 959 1159
153 1112 1267
100 1212 1330
228 0 699
232 10 272
56 479 576
47 526 580
194 720 955
146 866 1017
121 987 1201
21 1008 1083
55 1063 1129
189 1252 1446
215 0 704
204 10 233
32 479 587
118 597 799
158 755 993
117 872 1062
33 905 970
63 968 1110
150 1118 1286
109 1227 1377
188 1251 1447
98 1243 1347
35 1363 1402
166 1280 1451
82 1346 1434
78 1324 1402
90 1387 1481
19 1408 1429
141 1412 1560
189 1335 1526
27 1433 1462
142 1418 1563
167 1493 1660
109 1465 1576
141 1443 1587
16 1430 1451
82 1580 1662
173 1551 1726
33 1573 1615
11 1432 1452
129 1608 1740
136 1633 1776
129 1578 1714
63 1433 1504
73 1707 1785
94 1653 1754
161 1648 1811
35 1443 1484
187 1750 1941
194 1693 1894
16 1663 1685
159 1457 1617
99 1820 1920
42 1768 1818
100 1667 1768
71 1528 1599
88 1857 1947
92 1793 1892
53 1694 1747
147 1569 1717
176 1878 2058
87 1838 1929
15 1695 1713
67 1589 1658
177 2027 2205
134 1845 1986
71 1700 1775
10 1610 1627
59 2182 2248
32 1885 1920
150 1737 1891
80 1611 1697
159 2203 2370
193 1907 2100
135 1811 1955
86 1680 1774
26 2224 2259
57 2017 2083
47 1851 1899
58 1725 1792
123 2234 2357
62 2053 2117
35 1881 1917
127 1747 1883
176 2292 2468
46 2079 2133
45 1897 1944
35 1838 1876
52 2440 2495
139 2094 2240
27 1902 1934
175 1845 2020
19 2458 2485
107 2159 2271
133 1910 2047
39 1863 1911
85 2465 2550
197 2213 2415
15 1956 1979
178 1882 2068
33 2516 2556
51 2356 2416
39 1960 1999
130 2017 2154
96 2538 2643
66 2385 2458
37 1961 1998
23 2121 2152
63 2599 2670
148 2405 2554
194 1989 2189
140 2131 2280
34 2631 2669
77 2441 2520
159 1993 2161
72 2239 2313
149 2637 2787
94 2473 2570
181 2044 2227
13 2277 2291
116 2723 2845
123 2544 2673
195 2047 2249
117 2278 2395
147 2823 2976
26 2545 2575
88 2157 2249
95 2382 2481
20 2918 2941
126 2558 2686
145 2178 2329
180 2461 2649
43 2929 2972
148 2642 2790
57 2245 2306
45 2620 2669
61 2947 3014
118 2677 2796
78 2269 2355
116 2655 2771
93 2999 3099
143 2681 2833
39 2309 2355
126 2714 2841
64 3048 3118
53 2714 2775
101 2325 2427
185 2790 2983
109 3056 3172
183 2736 2921
21 2359 2385
46 2915 2969
30 3124 3162
88 2787 2875
18 2369 2393
186 2923 3113
38 3145 3184
93 2792 2888
132 2372 2505
10 3021 3035
76 3152 3229
193 2831 3026
191 2431 2628
59 3022 3082
195 3211 3412
130 2852 2982
183 2530 2714
173 3026 3200
54 3247 3309
13 2926 2944
125 2566 2693
94 3090 3187
133 3265 3407
54 2928 2991
83 2629 2712
61 3141 3206
39 3365 3412
63 2934 3000
170 2651 2821
124 3174 3299
41 3383 3429
118 2971 3090
30 2677 2707
21 3214 3243
36 3407 3449
159 2972 3132
182 2687 2876
37 3218 3255
164 3420 3589
78 3100 3179
199 2754 2961
109 3228 3345
177 3475 3658
109 3101 3212
75 2893 2977
187 3325 3514
112 3566 3680
189 3168 3365
18 2902 2926
116 3491 3616
93 3606 3705
137 3231 3376
145 2905 3059
197 3509 3715
29 3674 3712
112 3305 3421
96 2928 3030
107 3594 3708
39 3682 3727
83 3392 3480
149 2933 3083
123 3690 3817
168 3703 3879
134 3438 3574
102 3041 3145
94 3778 3877
86 3848 3941
90 3534 3627
29 3071 3106
175 3836 4011
148 3912 4068
190 3581 3774
92 3077 3169
48 3968 4017
11 4032 4049
38 3638 3683
135 3131 3267
64 4007 4076
61 4033 4099
126 3639 3767
159 3250 3418
109 4018 4130
51 4045 4098
190 3722 3921
149 3356 3506
142 4103 4254
78 4082 4167
144 3754 3907
132 3409 3542
68 4211 4284
50 4088 4146
140 3873 4021
136 3411 3547
152 4226 4385
169 4125 4300
74 3929 4004
162 3468 3635
99 4251 4353
144 4153 4299
35 3990 4026
51 3565 3621
108 4280 4394
121 4221 4344
62 4008 4072
51 3589 3647
154 4292 4452
23 4332 4361
130 4024 4158
195 3598 3797
181 4344 4527
87 4340 4432
115 4123 4247
112 3685 3804
47 4353 4402
44 4343 4387
120 4181 4303
175 3715 3894
118 4378 4503
162 4360 4527
174 4270 4452
14 3784 3800
107 4486 4595
39 4372 4416
93 4353 4446
124 3786 3917
63 4567 4631
103 4383 4495
56 4366 4424
64 3883 3949
94 4601 4700
121 4469 4599
59 4381 4444
159 3931 4098
193 4623 4825
10 4555 4571
126 4396 4529
27 4046 4073
87 4778 4867
14 4556 4575
193 4438 4632
61 4051 4120
53 4779 4837
106 4561 4667
134 4533 4671
50 4081 4135
86 4816 4903
79 4630 4713
149 4654 4807
152 4084 4244
194 4833 5035
17 4632 4650
111 4736 4855
19 4171 4190
123 5018 5142
95 4640 4736
62 4779 4841
28 4172 4207
98 5062 5164
140 4677 4826
139 4789 4929
87 4188 4280
93 5077 5172
75 4804 4885
88 4816 4905
117 4206 4331
148 5120 5277
77 4846 4932
160 4831 4996
154 4278 4436
66 5188 5260
64 4889 4959
48 4836 4886
96 4358 4454
22 5234 5262
199 4923 5123
143 4853 4997
28 4417 4453
34 5236 5277
84 4935 5025
60 4889 4950