400
153 0 243
238 0 271
18 1 219
241 1 412
228 3 335
282 6 502
181 4 332
257 5 324
288 300 681
35 524 617
226 649 1047
53 485 720
183 393 778
116 738 873
192 737 1002
231 734 1054
229 653 980
239 884 1182
74 969 1216
85 814 958
42 1058 1143
275 1096 1387
132 1064 1328
30 1005 1180
102 991 1183
20 1273 1365
151 1226 1570
162 1056 1359
233 1132 1368
202 1094 1505
150 1261 1629
268 1211 1677
290 1298 1703
56 1466 1537
264 1416 1744
135 1374 1721
288 1730 2052
249 1739 2074
200 1593 1840
117 2020 2165
45 1964 2223
197 1836 2077
189 1840 2145
87 2016 2267
235 2016 2285
77 1936 2087
66 1961 2051
237 2168 2519
108 2187 2343
296 2045 2504
132 2049 2186
198 2420 2712
121 2264 2521
233 2248 2627
131 2308 2546
98 2510 2661
131 2452 2617
20 2486 2687
92 2424 2707
212 2418 2724
138 2680 2948
77 2591 2730
137 2599 2816
17 2485 2726
249 2731 3006
223 2802 3039
143 2637 2885
217 2594 2926
274 2993 3476
19 2823 2897
41 2865 3022
175 2751 3045
269 2820 3220
234 3143 3482
64 2962 3214
284 3303 3653
78 3199 3340
33 3126 3188
36 3200 3319
53 3146 3325
205 3022 3345
246 3015 3395
23 3261 3310
28 3266 3516
139 3291 3610
146 3226 3536
266 3483 3947
259 3398 3680
201 3428 3667
22 3711 3753
147 3664 3935
24 3579 3757
82 3486 3717
27 3488 3736
53 3521 3574
31 3430 3658
186 3627 3903
100 3574 3683
31 3544 3753
18 3584 3781
266 3483 3930
209 3487 3738
42 3810 3947
237 3730 4106
57 3702 3965
272 3633 4031
232 3658 3890
69 3899 4015
250 3917 4350
193 3811 4008
181 4124 4485
199 4107 4427
155 4080 4462
35 4316 4567
45 4182 4442
293 4144 4546
61 4149 4318
20 4424 4632
257 4352 4753
198 4346 4644
74 4262 4469
28 4217 4400
152 4552 4714
257 4543 4920
156 4415 4641
218 4432 4801
12 4622 4691
98 4666 4947
289 4636 4966
120 4532 4828
63 4812 4963
160 4776 5059
135 4792 5118
146 4766 5094
278 4620 5053
185 4956 5347
15 4918 5038
276 4810 5129
270 4775 5220
211 5206 5595
102 5107 5275
240 5264 5677
292 5288 5621
248 5206 5500
160 5597 5810
192 5511 5928
183 5439 5821
31 5771 5866
71 5689 5958
24 5704 5847
246 5591 6049
120 5580 5724
215 5869 6243
83 5727 5903
300 5784 6271
46 5661 5906
95 6013 6298
138 5977 6150
221 5855 6180
74 5892 6082
74 6183 6316
203 6107 6324
286 6036 6441
105 6062 6218
123 6299 6558
108 6309 6546
221 6239 6477
205 6181 6585
270 6202 6514
168 6404 6665
69 6368 6637
190 6613 6966
240 6571 6979
262 6482 6892
283 6497 6976
279 6879 7237
212 6810 7072
20 7001 7033
52 7061 7313
156 7004 7203
196 6923 7257
212 6849 7232
185 7099 7455
86 7171 7289
224 7001 7312
293 7378 7877
47 7275 7351
96 7231 7369
274 7213 7524
173 7454 7853
183 7420 7610
202 7388 7738
155 7713 8096
292 7689 8042
20 7648 7718
239 7942 8194
94 7882 8081
136 7868 8091
225 7779 8199
131 7685 7889
288 8065 8442
90 7913 8113
259 8249 8529
189 8081 8474
185 8057 8439
193 8096 8440
140 8444 8647
276 8395 8699
113 8357 8478
112 8623 8894
59 8583 8794
79 8550 8853
225 8388 8802
203 8388 8743
118 8718 8927
124 8603 8757
31 8543 8786
139 8519 8840
221 8532 8891
54 8741 8942
94 8699 8801
258 8668 9086
243 8724 9110
214 8959 9199
189 8895 9261
77 8906 9115
102 9140 9443
120 9054 9207
84 9131 9379
41 8969 9140
180 8971 9291
23 8883 8958
291 9222 9716
103 9162 9438
177 9190 9447
120 9125 9378
134 9423 9686
100 9318 9623
42 9229 9457
198 9248 9527
44 9150 9345
119 9447 9760
20 9415 9534
159 9423 9596
289 9390 9814
18 9336 9356
90 9552 9706
31 9556 9638
170 9496 9710
175 9443 9845
11 9374 9477
183 9739 10135
194 9690 10042
133 9656 9847
220 9573 9915
159 9567 9829
28 9849 9920
224 9797 10038
179 9695 10047
187 9675 9896
182 9976 10266
89 9995 10228
266 9920 10260
80 9918 10220
231 10144 10544
115 10137 10378
270 10050 10430
176 10290 10498
284 10187 10646
13 10169 10201
74 10479 10672
82 10429 10549
256 10438 10827
211 10473 10911
59 10308 10528
69 10566 10826
124 10675 10882
265 10607 11023
246 10579 10879
127 10844 10988
117 10799 11088
250 10729 11150
176 10692 11084
75 10942 11177
250 10915 11372
291 10933 11264
65 11185 11252
60 11100 11380
256 11052 11447
222 10926 11289
222 11239 11582
55 11311 11458
50 11443 11706
58 11414 11609
51 11334 11584
62 11432 11663
286 11319 11615
100 11327 11586
19 11318 11383
86 11528 11711
128 11465 11693
14 11451 11571
254 11437 11772
112 11329 11614
28 11386 11479
267 11605 12090
206 11605 12014
281 11497 11851
150 11477 11707
186 11837 12129
203 11764 12160
257 11740 12193
242 11958 12310
108 11859 12047
248 12148 12594
106 12105 12318
209 12100 12525
157 12056 12263
70 12307 12450
92 12305 12463
53 12217 12469
167 12202 12489
46 12180 12388
117 12370 12549
231 12438 12787
21 12374 12529
186 12280 12562
193 12214 12518
235 12527 12970
55 12464 12531
227 12499 12826
113 12452 12708
181 12692 12942
11 12621 12684
195 12572 12901
22 12567 12723
120 12923 13107
244 12854 13280
163 12835 13078
51 12724 12953
276 12761 13214
52 12652 12791
279 12943 13246
83 13018 13304
187 12981 13260
209 13173 13447
157 13145 13438
287 13092 13476
230 13297 13533
99 13281 13459
59 13255 13334
157 13444 13673
95 13488 13697
69 13450 13695
300 13381 13839
291 13359 13708
101 13580 13885
32 13599 13769
25 13553 13579
130 13585 13860
62 13426 13688
52 13699 13852
200 13685 13921
33 13732 13876
183 13669 14067
270 13635 14013
266 13601 14065
17 13856 13941
131 13851 14185
210 13738 14092
285 13980 14382
224 13959 14262
236 13896 14328
40 14274 14378
15 14201 14228
293 14206 14560
34 14036 14257
114 14325 14544
108 14280 14424
212 14306 14619
169 14208 14548
28 14271 14386
293 14456 14856
88 14514 14761
262 14442 14811
187 14432 14662
267 14636 15063
235 14564 14802
288 14907 15335
34 14883 15010
153 14720 14892
298 14763 15126
211 15098 15332
94 15041 15360
96 15263 15400
94 15172 15379
130 15131 15305
49 15104 15319
236 15076 15392
125 15051 15377