450
58 0 82
180 0 292
85 1 221
176 1 297
185 4 233
53 7 199
91 9 214
47 2 103
300 196 496
300 196 496
300 196 496
300 196 496
10 346 356
10 346 356
10 346 356
10 346 356
10 356 366
10 356 366
10 356 366
10 356 366
10 366 376
10 366 376
10 366 376
10 366 376
10 376 386
10 376 386
10 376 386
10 376 386
10 386 396
10 386 396
10 386 396
10 386 396
10 396 406
10 396 406
10 396 406
10 396 406
10 406 416
10 406 416
10 406 416
10 406 416
10 416 426
10 416 426
10 416 426
10 416 426
10 426 436
10 426 436
10 426 436
10 426 436
10 436 446
10 436 446
10 436 446
10 436 446
41 441 661
87 438 749
256 437 876
256 511 779
80 527 832
39 564 635
22 525 650
10 545 588
250 605 1020
190 609 915
284 663 1079
149 660 1023
72 702 903
296 709 1085
96 710 826
183 689 1050
154 793 1139
215 775 1173
30 746 1004
286 810 1201
114 842 1030
198 860 1129
228 836 1088
280 839 1301
123 944 1162
68 971 1217
230 948 1199
255 932 1350
13 1026 1060
60 1046 1298
290 1015 1422
218 1041 1437
283 1102 1448
73 1116 1263
165 1048 1416
36 1049 1266
158 1154 1534
129 1150 1421
245 1166 1604
251 1127 1539
104 1224 1429
197 1216 1438
242 1234 1556
77 1276 1463
77 1310 1611
96 1299 1442
229 1346 1795
262 1288 1600
158 1367 1668
259 1373 1818
117 1409 1600
136 1355 1609
221 1493 1904
61 1498 1699
58 1498 1703
130 1490 1841
141 1540 1723
194 1525 1845
58 1563 1779
296 1571 1944
42 1637 1742
42 1593 1648
23 1643 1812
86 1586 1850
30 1719 1899
44 1670 1871
38 1728 1946
87 1725 1913
159 1770 2004
222 1757 2095
102 1771 2012
118 1799 2087
61 1886 2172
296 1827 2315
21 1826 1991
253 1859 2289
237 1947 2356
156 1895 2137
253 1916 2299
286 1911 2335
114 2035 2294
40 1978 2228
22 1992 2023
154 2003 2177
178 2097 2292
53 2103 2199
261 2081 2412
52 2073 2187
276 2135 2549
44 2155 2372
169 2180 2523
153 2159 2325
37 2260 2311
145 2262 2565
190 2246 2642
215 2266 2656
239 2281 2668
282 2287 2771
27 2292 2340
177 2336 2531
79 2371 2502
170 2409 2746
295 2406 2781
95 2351 2674
175 2441 2829
271 2444 2916
271 2432 2922
57 2493 2746
12 2540 2709
196 2566 2834
85 2568 2745
184 2535 2937
268 2601 2956
116 2620 2910
252 2646 3124
210 2656 2939
211 2678 2949
274 2729 3098
33 2661 2789
202 2663 2954
279 2743 3076
206 2799 3137
147 2795 2995
28 2754 2953
273 2813 3150
291 2853 3311
125 2861 3057
288 2878 3255
299 2888 3415
57 2925 3008
150 2903 3262
200 2940 3198
35 3017 3122
200 3006 3258
104 2992 3192
295 3037 3476
210 3050 3347
296 3069 3413
87 3100 3405
27 3046 3290
157 3166 3339
161 3159 3424
65 3190 3390
40 3145 3306
100 3263 3500
45 3216 3435
104 3258 3560
30 3240 3494
263 3297 3594
147 3328 3623
50 3330 3503
26 3294 3341
11 3383 3505
190 3397 3637
98 3398 3715
295 3392 3722
78 3458 3760
71 3450 3701
138 3490 3800
156 3462 3820
206 3575 3810
42 3541 3712
166 3521 3900
48 3550 3631
198 3609 3814
183 3599 3922
66 3637 3773
167 3624 3850
118 3721 4015
90 3721 3989
28 3702 3797
250 3665 4079
142 3754 4036
13 3788 3977
133 3762 4119
278 3773 4093
252 3860 4233
254 3852 4127
211 3865 4166
161 3849 4123
298 3950 4254
133 3935 4155
59 3911 4066
21 3947 3988
194 4020 4230
21 4000 4221
54 4005 4155
235 4005 4243
14 4041 4169
239 4070 4514
153 4104 4275
226 4059 4445
273 4133 4562
274 4118 4584
227 4163 4396
219 4152 4474
38 4252 4458
155 4232 4458
75 4239 4531
286 4257 4572
217 4328 4687
277 4330 4768
46 4309 4367
294 4297 4780
163 4369 4706
194 4399 4618
73 4357 4557
16 4350 4586
52 4485 4663
60 4486 4644
18 4471 4628
83 4466 4628
26 4571 4692
48 4541 4732
297 4557 4997
274 4522 4997
96 4614 4859
56 4625 4708
297 4576 5017
207 4636 5009
110 4698 4979
39 4723 4878
227 4717 4950
283 4675 5174
176 4742 5046
241 4764 5112
253 4773 5203
158 4743 4939
64 4830 5030
196 4836 5179
233 4854 5224
114 4873 5099
38 4888 5097
17 4944 4999
136 4945 5142
210 4899 5296
145 4979 5299
229 5028 5425
87 4958 5163
118 4998 5135
123 5064 5316
188 5034 5365
282 5037 5338
292 5053 5383
89 5178 5282
225 5181 5422
177 5153 5530
81 5137 5353
23 5199 5418
159 5222 5566
24 5213 5426
256 5219 5563
12 5301 5379
222 5290 5603
218 5263 5532
228 5313 5551
84 5363 5474
153 5362 5602
51 5392 5605
60 5395 5544
95 5459 5651
113 5422 5648
77 5448 5737
110 5482 5668
75 5496 5766
200 5566 5780
11 5522 5643
104 5557 5774
180 5580 5840
150 5618 5953
224 5620 5919
71 5611 5882
262 5710 6019
112 5695 5813
230 5663 5902
282 5718 6011
97 5771 6081
10 5759 5928
134 5737 5936
272 5773 6184
150 5815 6075
93 5801 5956
177 5806 6010
251 5855 6282
140 5878 6149
98 5889 6057
196 5911 6108
280 5936 6238
230 5961 6413
136 6004 6235
104 6019 6347
278 5957 6420
78 6091 6335
190 6052 6456
77 6028 6262
188 6089 6420
42 6124 6255
282 6138 6431
259 6124 6533
35 6106 6146
268 6231 6701
139 6237 6470
112 6201 6511
90 6202 6513
71 6261 6470
147 6323 6524
161 6303 6679
88 6313 6501
30 6353 6490
117 6379 6563
139 6342 6603
183 6388 6581
186 6474 6725
52 6444 6557
135 6412 6739
240 6430 6810
179 6549 6906
276 6546 6979
228 6552 6842
151 6495 6661
161 6600 6935
247 6622 6875
87 6630 6883
213 6615 7055
14 6698 6815
254 6642 6987
49 6658 6825
171 6678 7077
138 6732 6945
125 6724 7058
156 6763 6989
44 6773 6931
279 6814 7321
162 6793 7179
297 6864 7324
20 6802 6857
296 6912 7220
207 6904 7278
236 6899 7214
126 6904 7228
203 6963 7222
55 7019 7266
248 6948 7334
73 7019 7176
79 7031 7279
140 7037 7177
44 7064 7171
229 7024 7376
224 7101 7355
156 7170 7483
142 7099 7352
189 7116 7442
95 7223 7502
22 7247 7409
71 7214 7489
10 7247 7390
288 7257 7616
104 7319 7427
272 7284 7733
247 7260 7517
274 7401 7753
224 7340 7723
240 7363 7606
199 7333 7707
164 7408 7652
30 7466 7498
57 7438 7680
262 7429 7749
147 7487 7785
286 7534 7835
241 7509 7910
216 7527 7872
193 7580 7902
226 7564 7834
17 7593 7661
300 7617 7970
42 7678 7910
237 7636 7922
33 7702 7814
213 7699 8070
82 7746 7906
266 7733 8120
12 7751 7830
245 7714 8026
13 7839 8063
45 7834 7969
147 7828 7993
201 7843 8116
105 7932 8161
53 7897 8118
31 7884 8033
295 7910 8375
204 7971 8352
279 7963 8316
28 8014 8056
283 7970 8469
275 8084 8583
23 8065 8163