50
25 1 82
63 0 105
28 1 49
78 0 103
81 8 135
66 7 125
32 8 44
93 4 134
57 29 111
85 118 259
97 123 264
59 103 199
34 219 262
14 205 234
92 166 309
18 167 238
75 266 343
34 220 311
54 234 313
77 220 308
96 187 289
97 304 422
47 295 392
54 280 369
94 396 538
65 374 443
53 335 428
88 331 479
25 438 501
96 424 568
99 426 533
79 484 617
53 469 570
66 465 584
15 450 506
13 584 597
70 544 666
79 563 660
66 543 626
40 494 554
91 634 731
31 622 657
20 568 621
92 604 739
68 559 645
28 672 741
11 681 723
76 669 765
97 647 797
91 737 841