500
17 1 256
55 1 325
57 0 187
295 0 530
71 6 344
73 9 221
297 9 506
137 3 223
193 169 667
114 159 530
84 314 460
88 229 374
12 276 533
32 242 489
98 158 257
116 148 317
153 169 558
293 127 653
111 299 541
226 359 802
146 288 590
224 477 742
174 474 683
196 431 822
275 611 1068
249 627 1019
68 664 906
177 916 1325
56 775 891
298 798 1180
117 839 1141
206 1021 1398
137 1043 1429
113 974 1106
54 994 1091
38 1107 1243
146 1071 1476
132 1107 1464
25 1042 1357
176 986 1334
200 1001 1369
197 943 1217
60 1201 1376
295 1234 1531
145 1236 1690
224 1473 1744
180 1444 1705
246 1324 1827
236 1298 1560
159 1599 1937
151 1601 2017
237 1535 1927
225 1732 2232
113 1739 1872
101 1713 1931
61 2022 2163
31 1981 2196
85 1955 2260
126 1855 2237
175 1785 1967
120 1752 1952
201 1987 2404
224 2069 2461
70 1975 2211
112 1919 2240
203 2163 2545
291 2115 2464
128 2171 2613
46 2034 2354
208 2367 2849
169 2345 2719
299 2364 2946
139 2216 2612
118 2484 2705
150 2459 2633
91 2538 2886
265 2509 3017
96 2640 2833
96 2623 2730
150 2635 2810
79 2614 2913
97 2867 3137
279 2771 3314
140 2700 2946
143 2726 2899
298 2735 3345
42 3048 3101
280 2920 3273
232 2877 3222
244 3239 3796
293 3178 3526
196 3116 3606
274 3458 3934
30 3381 3621
240 3530 4040
156 3584 3923
69 3484 3861
139 3408 3597
37 3438 3619
93 3681 4048
221 3688 4199
169 3683 3888
23 3624 3945
280 3541 3827
158 3540 3926
249 3833 4300
76 3790 4107
223 3951 4223
67 3932 4021
149 3996 4321
124 3838 4055
234 3919 4251
31 4160 4267
226 4145 4404
40 4002 4264
78 4103 4472
164 4019 4221
115 4275 4465
278 4252 4744
27 4151 4220
140 4226 4552
233 4127 4462
119 4390 4554
283 4342 4910
33 4380 4727
109 4587 4835
266 4611 4912
275 4540 4848
281 4420 5013
195 4786 5183
208 4664 4925
144 5031 5339
72 4883 5019
276 4873 5249
226 4906 5240
11 5150 5409
218 5103 5617
259 4988 5509
12 5027 5238
139 5310 5602
27 5342 5599
53 5185 5547
144 5189 5590
102 5155 5258
225 5069 5341
223 5054 5344
263 5385 5884
221 5360 5711
260 5644 6122
100 5586 5726
26 5536 5582
293 5770 6163
29 5683 5722
191 5655 5899
254 5595 5879
85 5680 5884
103 5897 6117
198 5830 6293
128 5871 6119
263 5827 6148
159 6067 6475
42 5933 6042
48 5996 6185
257 5895 6162
106 5850 6171
286 6160 6535
13 6136 6278
218 6088 6529
43 6020 6223
288 6362 6765
121 6370 6650
132 6246 6420
26 6214 6339
50 6515 6672
162 6391 6848
129 6424 6644
203 6388 6748
59 6280 6605
87 6641 6867
292 6602 7009
83 6577 6744
22 6549 6718
251 6469 6839
94 6429 6597
247 6679 6990
285 6721 7218
78 6661 6949
186 6934 7203
292 6898 7393
210 6876 7387
83 7059 7378
53 7047 7373
272 6988 7496
100 7064 7335
106 7297 7405
79 7178 7316
185 7168 7645
242 7184 7639
285 7168 7572
52 7454 7714
294 7350 7796
138 7253 7441
50 7574 7781
197 7506 7763
102 7462 7793
132 7428 7707
208 7753 8070
236 7628 8019
31 7714 7892
196 7573 7975
107 7882 8072
214 7840 8193
240 7719 8266
117 7746 7914
147 8040 8250
276 8048 8454
203 7951 8400
248 8162 8619
14 8170 8191
273 8163 8745
148 8071 8517
74 8448 8733
20 8383 8657
274 8290 8685
140 8327 8775
293 8551 8874
18 8472 8670
286 8405 8741
44 8415 8512
78 8690 8936
221 8629 9164
262 8720 9094
218 8575 8863
92 8925 9320
233 8769 9161
149 8741 8988
104 9086 9366
258 8948 9430
224 8905 9395
222 8994 9386
24 9165 9414
195 9175 9378
32 9089 9172
178 9139 9586
173 9026 9280
182 9326 9692
253 9329 9662
224 9209 9584
245 9527 10022
135 9575 9882
205 9511 10009
105 9673 9994
287 9630 10191
249 9680 10241
206 9984 10333
252 9935 10192
256 9876 10378
49 10105 10244
24 10086 10187
293 9998 10396
254 10030 10593
193 10260 10618
272 10285 10864
178 10193 10386
16 10514 10718
183 10554 10826
237 10426 10908
169 10406 10630
174 10730 10969
12 10617 10711
74 10642 10865
273 10604 10979
64 10574 10716
117 10760 11121
84 10723 11038
123 10733 10958
62 10746 10989
259 10646 11116
220 10941 11226
265 10890 11227
15 10828 11055
227 11087 11427
248 11083 11535
223 11035 11439
298 11273 11726
278 11244 11586
52 11195 11527
249 11455 11810
177 11514 11827
294 11395 11876
94 11718 11868
118 11569 11939
260 11552 11879
15 11477 11788
30 11903 12153
264 11788 12294
170 11802 12196
14 11779 11865
105 11736 11903
71 11985 12106
195 11938 12326
116 11852 12065
35 11850 11957
182 11847 12114
123 11674 12073
52 12018 12207
145 12008 12273
115 12002 12202
263 11985 12418
131 11841 12084
198 12197 12509
121 12188 12345
183 12073 12302
146 12049 12398
229 12304 12604
147 12218 12482
13 12323 12532
250 12427 12963
207 12515 12792
248 12364 12781
31 12306 12579
154 12643 12805
41 12712 12753
125 12575 13005
288 12491 12939
44 12584 12829
24 12817 13008
229 12698 13208
61 12732 13016
177 12721 13033
194 12609 12981
257 12887 13318
267 12891 13245
292 12774 13213
92 13052 13460
224 13023 13523
228 13021 13367
122 13235 13626
150 13250 13602
41 13276 13339
181 13220 13714
116 13115 13544
255 13469 13960
180 13365 13600
14 13304 13457
160 13620 13827
64 13639 13789
89 13558 13768
20 13535 13738
107 13476 13832
23 13499 13624
224 13451 13795
255 13302 13754
197 13630 13970
144 13595 13946
28 13522 13620
198 13896 14227
132 13791 14228
77 13728 13924
236 13774 14319
31 13717 13950
222 13935 14310
217 13889 14315
299 13843 14209
27 13848 13982
267 14211 14601
159 14175 14466
261 14130 14626
168 14236 14550
177 14277 14662
225 14154 14605
155 14493 14960
212 14494 14825
149 14387 14818
298 14630 14933
265 14708 15053
162 14593 14817
280 14824 15355
80 14828 14989
74 14793 15035
271 14826 15268
200 14980 15316
268 15009 15481
276 14895 15193
32 15331 15411
280 15258 15595
261 15165 15547
39 15451 15630
40 15451 15551
178 15399 15631
113 15367 15764
183 15252 15727
180 15627 16005
118 15513 15927
269 15512 16076
98 15504 15721
181 15785 15993
24 15737 15840
46 15749 15838
173 15649 16117
49 15637 15790
87 15931 16062
177 15779 16165
220 15731 16195
256 15668 15961
37 16026 16135
26 15915 15993
289 15878 16231
272 15893 16350
12 15844 15876
63 16202 16502
72 16164 16408
102 16028 16290
131 16027 16238
174 15991 16192
284 16292 16693
292 16203 16580
229 16110 16518
39 16384 16606
112 16456 16796
194 16372 16632
277 16331 16802
70 16579 16868
140 16547 16919
91 16506 16870
263 16446 16944
242 16721 17189
103 16678 17068
218 16707 17121
207 16587 16865
185 16964 17294
293 16889 17302
223 16830 17077
181 17208 17646
276 17131 17486
230 17299 17588
62 17255 17616
23 17225 17483
85 17216 17463
89 17117 17491
53 17536 17853
287 17400 17730
34 17314 17571
190 17351 17761
205 17229 17489
152 17542 17811
218 17606 18132
10 17507 17720
224 17754 17997
42 17687 17970
210 17727 18052
267 17579 18042
157 17664 17824
61 17910 18004
24 17946 18135
48 17892 17973
162 17763 18222
218 17746 18212
172 17790 18175
224 18039 18414
297 17979 18371
268 17957 18349
227 18244 18587
94 18115 18269
155 18463 18638
269 18446 18867
259 18393 18673
81 18365 18479
290 18566 19075
64 18572 18746
231 18473 18797
209 18819 19143
186 18795 19244
271 18692 19182
300 19038 19585
143 18854 19206
142 18837 19289
143 19250 19476
232 19173 19626
126 19102 19515
40 19003 19066
61 19328 19438
30 19309 19569
288 19258 19670
105 19278 19508
10 19140 19407
76 19206 19562
61 19361 19500
114 19399 19815
60 19361 19702
169 19279 19651
174 19272 19455
123 19274 19616
73 19545 19621
232 19402 19822
262 19427 19946
300 19316 19905
292 19638 20002
28 19690 20011
71 19938 20250