150
58 403 469
69 490 569
12 1111 1123
67 823 890
30 1100 1132
73 1622 1700
46 4 52
72 729 811
72 913 997
65 1567 1633
38 148 189
37 79 122
15 389 406
12 916 928
41 678 726
43 907 951
65 1019 1093
17 640 660
19 1629 1648
75 424 505
19 49 70
56 689 755
22 1245 1270
34 1439 1477
54 1487 1546
58 1433 1491
79 170 255
16 877 895
63 87 151
72 1109 1194
47 780 835
32 342 376
51 1318 1377
44 1059 1103
39 1441 1487
43 721 769
23 647 670
15 1361 1378
47 353 403
43 576 622
24 1574 1600
48 1063 1117
76 1155 1241
71 521 603
16 1193 1210
52 218 279
32 478 515
41 958 1001
55 1234 1298
74 817 891
70 1283 1358
31 987 1018
27 260 291
22 1361 1383
73 34 120
73 1184 1267
25 1388 1415
58 176 239
24 763 791
68 1069 1143
30 226 256
69 1486 1564
40 1529 1570
51 272 331
53 1363 1421
17 1196 1213
13 133 147
34 93 132
57 820 878
44 776 827
41 441 483
22 4 27
36 681 718
27 1022 1051
80 1393 1487
60 1568 1628
30 1020 1050
38 1029 1069
10 178 189
37 1278 1317
79 980 1062
52 425 484
14 957 973
73 81 159
56 1155 1212
70 715 796
19 313 332
37 299 342
48 225 278
52 1227 1289
24 132 160
54 634 691
26 1485 1512
33 389 427
71 576 654
52 1487 1548
22 1543 1568
62 1271 1342
30 1155 1187
38 874 916
71 772 855
41 957 999
70 334 404
76 1192 1275
75 4 82
71 532 609
20 985 1005
77 1560 1638
68 165 235
66 335 408
22 1327 1350
43 1232 1279
72 638 720
25 1329 1357
36 526 565
48 486 542
19 1523 1542
78 36 118
29 682 715
16 2 20
35 389 425
30 479 515
32 232 266
58 305 364
23 1153 1177
20 876 897
38 1070 1115
37 1443 1482
23 961 987
55 587 652
39 522 568
25 912 937
46 817 870
27 985 1014
74 867 943
53 1352 1409
42 423 465
68 1523 1597
16 1326 1342
16 720 737
27 271 299
19 1272 1293
25 31 60
62 583 651
57 267 324
60 1384 1451
55 130 188
41 1396 1443
34 1110 1145
53 298 358
