200
31 1038 1075
30 1897 1927
64 1663 1734
62 270 333
45 1841 1890
26 2148 2176
54 2111 2170
29 1209 1238
64 2011 2087
65 1473 1543
53 515 570
39 1070 1115
62 1513 1575
58 269 334
77 367 451
56 1466 1532
46 1823 1871
29 1206 1235
28 1807 1839
53 906 968
51 1036 1089
23 4 29
36 398 438
57 944 1006
55 627 684
20 1614 1636
12 570 583
33 1365 1402
63 1361 1435
64 824 889
40 563 610
30 563 596
33 818 854
31 322 357
36 1671 1710
10 418 428
44 1512 1561
33 197 230
48 1008 1057
59 1962 2030
20 148 170
55 912 968
35 210 250
23 795 818
34 1765 1802
76 1410 1488
35 1521 1557
61 1608 1671
34 1945 1982
62 701 763
52 1464 1521
79 587 667
61 825 889
45 202 247
72 687 771
30 2143 2173
49 1208 1257
20 866 888
50 1066 1122
17 2110 2129
17 1881 1898
37 198 239
47 1305 1356
73 1408 1481
59 2102 2169
59 1130 1200
14 1778 1794
73 870 956
13 335 349
22 1901 1926
46 3 51
41 517 558
18 468 486
40 949 996
47 2009 2063
37 415 455
15 1974 1989
27 335 366
58 2018 2086
75 1606 1689
25 1808 1834
45 826 874
22 382 408
28 1879 1907
32 386 420
73 102 178
35 760 800
40 1805 1851
19 1225 1244
38 594 633
29 998 1027
16 1879 1896
23 913 937
77 642 727
64 93 160
28 747 777
21 1902 1926
43 1827 1870
15 2062 2079
71 426 505
12 367 380
35 246 281
41 1980 2024
58 473 535
36 1877 1918
56 1710 1772
69 1405 1475
69 696 766
73 1247 1327
80 1241 1335
64 1720 1785
47 644 696
75 1303 1385
28 274 303
63 1309 1381
59 1965 2031
74 426 502
64 1184 1251
66 37 108
68 39 109
56 1519 1579
12 1802 1814
31 1006 1039
19 241 260
35 1046 1081
20 2157 2179
29 1178 1208
51 1561 1622
12 747 761
20 2067 2089
13 357 371
32 393 427
55 1076 1133
59 571 635
15 522 539
31 1932 1963
16 235 252
61 43 114
26 1765 1794
60 147 213
16 1041 1059
66 759 826
28 362 392
54 1704 1760
31 684 715
19 607 628
29 1578 1608
41 876 921
75 467 545
25 605 633
60 1306 1377
49 787 840
72 150 226
54 1361 1417
56 2075 2132
79 1779 1864
33 1170 1204
43 44 93
49 530 582
59 3 68
76 2079 2160
14 779 795
24 1377 1404
33 863 896
60 2023 2088
22 2105 2129
56 779 842
43 6 50
52 1130 1190
64 1237 1302
53 1124 1177
78 1579 1664
74 1080 1160
34 2154 2192
55 332 393
65 471 541
67 1834 1902
20 1676 1699
80 266 358
42 1906 1955
19 1007 1028
14 1925 1940
71 948 1022
73 154 231
64 1927 1999
48 251 304
51 1667 1721
47 640 689
54 1609 1664
27 1465 1492
39 1244 1286
25 908 934
58 953 1013
46 101 151
64 1718 1786
11 107 119
51 1118 1171
23 1574 1599
24 1185 1211
16 1409 1428
