250
33 164 202
53 849 902
21 1116 1139
78 105 193
17 1087 1105
35 2699 2739
76 2292 2377
58 2435 2499
72 1216 1291
45 1186 1239
20 586 609
58 2119 2178
43 1581 1626
22 1234 1259
15 2214 2230
40 1567 1609
77 2714 2796
28 2340 2372
76 50 139
73 2392 2477
68 1751 1827
55 2524 2588
48 1084 1141
29 662 693
62 1326 1388
27 2489 2518
59 361 430
50 1403 1458
40 352 395
72 168 253
29 1190 1220
57 499 557
61 2548 2617
48 2277 2330
21 454 478
70 417 494
54 351 405
13 156 170
28 817 846
52 1032 1087
14 2515 2529
80 1910 1996
53 2031 2094
43 1945 1994
51 2401 2456
10 623 635
64 810 885
21 1999 2022
19 1357 1377
55 202 260
74 1544 1626
26 2439 2466
26 757 787
74 2609 2689
55 98 153
31 2533 2569
68 709 785
38 2073 2114
58 1268 1332
38 944 987
43 659 708
59 201 268
55 1996 2056
40 2162 2210
47 1660 1708
10 676 687
22 2481 2506
70 264 346
32 888 922
39 57 103
39 801 841
76 1421 1498
66 2443 2518
51 542 601
31 1087 1121
59 1542 1602
30 1126 1157
41 947 992
51 632 689
48 591 643
57 997 1061
20 2437 2457
64 697 765
11 853 865
46 1424 1470
56 2121 2182
40 1319 1362
26 412 443
31 2393 2428
50 2554 2605
25 1898 1927
35 1747 1786
24 1356 1381
41 2666 2708
26 1110 1137
65 2757 2822
41 2617 2658
60 943 1007
47 1145 1199
25 486 513
19 2619 2641
77 535 625
54 2551 2610
32 298 335
72 674 751
49 2078 2131
21 698 721
25 1959 1984
24 1423 1447
35 1424 1461
50 2289 2339
63 1082 1147
57 603 669
35 1320 1355
33 860 898
16 1194 1211
22 2523 2545
53 947 1008
66 2751 2819
50 2047 2099
63 539 610
68 441 519
56 852 916
79 1265 1357
80 1600 1696
46 249 302
32 95 132
79 4 98
54 901 958
63 1481 1550
39 1866 1906
71 1802 1877
55 2670 2734
43 1387 1438
15 1608 1624
16 1267 1283
42 2485 2530
78 1865 1955
41 1691 1733
12 1538 1551
22 2323 2347
71 1352 1426
70 151 233
44 1026 1072
65 884 953
27 2394 2423
63 206 272
17 1653 1671
54 993 1056
24 1800 1827
79 1700 1784
25 1535 1560
23 212 237
19 1404 1426
65 2651 2725
33 592 625
29 1162 1192
48 2223 2279
67 2177 2247
75 1651 1731
25 1148 1176
30 448 480
68 366 438
50 58 113
47 2240 2287
30 1149 1182
56 627 686
63 1119 1183
61 308 378
46 58 104
56 257 322
30 505 539
76 748 838
21 2702 2723
80 1982 2077
38 1032 1076
28 2039 2070
60 2225 2288
40 2199 2242
14 1360 1374
54 697 751
34 2206 2246
69 1746 1819
39 296 337
34 2085 2119
63 1192 1267
38 1850 1889
62 995 1067
46 1657 1711
77 2477 2557
67 5 84
19 1606 1628
48 1035 1086
78 306 390
18 411 431
34 2653 2692
46 2040 2087
23 2116 2141
46 486 537
69 1696 1769
27 5 34
76 1463 1545
23 2173 2198
61 1464 1536
46 1315 1366
21 250 271
72 96 168
40 2329 2370
21 2167 2190
10 2204 2214
71 439 512
28 641 674
33 1575 1608
54 1742 1799
36 1996 2034
31 2347 2381
23 1390 1417
16 1905 1923
17 2293 2312
52 811 872
28 1695 1727
20 1585 1606
12 2322 2336
80 1227 1316
29 5 36
27 1954 1981
61 2622 2691
26 1804 1834
31 896 931
28 1228 1257
47 760 807
52 1867 1929
48 2090 2142
51 2363 2416
48 1901 1956
32 411 448
41 532 577
25 990 1019
58 2124 2188
57 1603 1671
50 2228 2279
53 2352 2413
19 2358 2377
66 1941 2018
70 766 843
15 1273 1288
46 2716 2763
78 1809 1897
71 2548 2630
48 1479 1529
