450
11 2172 2184
27 1377 1406
30 2411 2444
51 157 214
63 4511 4586
68 4227 4295
11 2077 2088
17 4699 4719
27 1642 1671
31 4733 4767
71 2559 2637
63 3478 3541
24 669 696
26 4175 4205
42 1850 1897
20 422 444
58 797 863
63 1667 1730
11 2214 2226
13 432 447
34 3213 3249
56 3436 3494
15 4605 4620
45 1982 2030
18 2758 2778
31 3214 3245
18 2904 2923
79 3981 4060
16 856 872
77 4901 4988
67 285 364
14 2689 2704
50 889 941
50 3804 3859
75 2939 3027
15 4219 4236
11 207 218
73 970 1051
35 526 567
13 4833 4848
28 4822 4855
29 3167 3196
38 598 641
80 4866 4958
24 1549 1576
18 1201 1220
53 3405 3466
67 2115 2194
39 199 245
13 3523 3538
64 2352 2418
70 4765 4843
30 3164 3194
22 3008 3030
69 2466 2536
48 2590 2643
23 1354 1380
72 2122 2196
69 2862 2939
44 2825 2875
24 3049 3077
78 4550 4630
45 3289 3341
42 3855 3899
28 4172 4201
60 290 357
30 394 426
12 2474 2487
37 3261 3303
40 2 47
14 394 409
18 2793 2813
38 3535 3574
55 1246 1307
43 2815 2864
76 1299 1389
18 4565 4583
63 1894 1965
75 1023 1101
31 1182 1218
31 1551 1583
13 491 506
54 3249 3309
45 3178 3227
66 800 874
11 3152 3163
48 3634 3689
77 721 808
49 4745 4795
48 961 1010
50 53 105
52 4282 4336
66 1803 1882
38 922 961
28 3444 3474
48 4609 4658
57 2255 2320
52 678 738
14 1386 1400
11 1760 1771
10 3264 3275
38 2906 2947
18 579 600
60 3013 3075
53 89 146
61 144 207
45 4034 4083
16 3288 3304
38 1204 1242
46 793 846
14 344 358
26 602 632
46 860 913
11 4330 4342
10 1343 1354
62 4551 4617
18 3183 3201
60 2045 2106
66 1126 1193
24 3109 3137
39 3529 3569
73 4451 4533
48 2528 2581
72 2304 2389
58 3608 3675
14 358 374
78 4658 4738
57 4644 4705
57 1078 1137
19 2556 2575
18 2192 2211
70 2686 2763
70 3108 3182
26 2627 2656
43 3905 3949
77 153 241
46 3636 3690
77 929 1018
61 2757 2827
74 2216 2303
17 431 451
45 56 107
55 1079 1143
22 2519 2542
45 4642 4690
46 2778 2831
56 3985 4048
80 2302 2385
24 3424 3449
78 3002 3094
63 674 738
45 1728 1780
23 3159 3183
42 4497 4544
28 458 491
37 1552 1593
62 273 346
28 242 274
40 709 752
61 1245 1307
38 3290 3334
75 2045 2131
40 4647 4694
40 193 239
19 4766 4786
30 2088 2121
73 3178 3265
15 641 657
36 461 501
78 4029 4111
40 1584 1632
62 3797 3867
14 2035 2051
54 3013 3076
17 4731 4750
17 3533 3551
12 1408 1421
67 3061 3129
76 2114 2202
29 774 805
20 4087 4110
58 3944 4008
55 3645 3702
75 3793 3880
45 852 905
45 3400 3446
62 1408 1481
35 4459 4499
41 1497 1542
28 3607 3635
28 1187 1215
59 1887 1957
10 4444 4455
28 2181 2209
54 2409 2464
31 1076 1110
43 2784 2833
54 359 418
32 147 184
21 465 487
53 4604 4667
76 3118 3199
28 3563 3592
59 1799 1868
63 2117 2180
62 4401 4475
37 3894 3931
11 4900 4911
47 4861 4915
20 1404 1427
54 452 511
63 1084 1155
67 2860 2937
65 1756 1824
74 2353 2429
62 393 463
49 2523 2577
42 1027 1076
42 1567 1615
24 936 963
25 1124 1151
49 4036 4089
63 1450 1521
80 1381 1470
22 4220 4243
17 772 791
45 2912 2964
54 1303 1359
41 895 937
36 4738 4774
41 2181 2226
75 4185 4265
35 806 846
11 4709 4721
20 1288 1310
74 3063 3151
37 2943 2986
18 2866 2885
38 1212 1253
41 3288 3332
57 3061 3122
80 2595 2679
27 573 604
18 2913 2931
60 1978 2038
36 2677 2719
41 3757 3802
46 4509 4560
25 1387 1414
70 1678 1759
75 4281 4365
38 778 820
21 89 112
64 3846 3920
59 1348 1414
29 3394 3427
47 3855 3904
17 3980 3997
34 892 929
58 3562 3630
48 3596 3649
38 630 670
79 4452 4541
39 2824 2863
29 2782 2815
40 1422 1465
70 204 285
45 4104 4152
32 285 322
31 3557 3588
36 2348 2386
59 2731 2794
33 1947 1982
32 3472 3508
66 3840 3917
23 3939 3963
61 3335 3406
60 4829 4895
16 2084 2102
27 3911 3939
67 4355 4426
66 3559 3630
17 1950 1969
47 4867 4914
49 4131 4188
35 1141 1178
34 1840 1875
41 1681 1726
48 649 704
33 581 615
43 1940 1986
54 2295 2356
15 4102 4118
11 329 340
55 2212 2273
50 1509 1565
49 4550 4605
72 4395 4476
75 3 82
68 3690 3761
62 2951 3022
23 3193 3216
79 4232 4312
19 3221 3240
44 1665 1717
21 497 521
79 4503 4596
29 2601 2630
25 3760 3787
74 1976 2062
25 4140 4165
57 1725 1784
27 1717 1748
20 1438 1460
77 1449 1537
80 3334 3427
56 1210 1269
26 346 373
73 2937 3021
70 3689 3763
59 1841 1909
68 94 170
70 4338 4410
58 3679 3737
12 1771 1783
36 1894 1931
37 392 430
57 4400 4457
71 2413 2485
68 2363 2435
20 240 261
45 2036 2089
60 366 428
35 681 721
27 924 952
52 4039 4101
29 3894 3923
75 509 590
72 4769 4842
20 1802 1823
34 2721 2758
20 1188 1209
47 3637 3685
69 1503 1580
49 4773 4823
66 3232 3304
41 887 932
55 1891 1949
72 2823 2907
47 3741 3792
41 579 622
58 102 161
29 4330 4363
48 1945 1997
62 3683 3750
62 1011 1082
56 3473 3538
19 1630 1651
25 4357 4383
75 2207 2294
35 968 1003
23 2866 2893
54 2475 2529
25 2726 2752
39 4819 4858
51 3986 4043
26 2589 2618
60 3741 3805
75 55 141
64 2631 2704
60 523 587
45 1179 1224
45 3332 3383
46 2260 2311
52 436 497
40 974 1016
66 1134 1200
15 1633 1649
55 1841 1901
38 2565 2604
29 4394 4423
34 2298 2333
63 2678 2746
11 4353 4364
29 331 361
64 4268 4333
42 1797 1840
68 1248 1328
48 6 59
57 1438 1502
70 1493 1570
46 1987 2033
37 497 541
51 3483 3541
24 769 796
70 249 332
23 2258 2281
40 4359 4399
59 2476 2536
18 4851 4871
66 2425 2500
54 3940 4001
37 859 896
68 4129 4199
41 4122 4163
11 2756 2767
71 4103 4186
22 4338 4360
11 2627 2638
44 493 544
80 720 812
25 2515 2540
16 2759 2777
79 514 595
64 1299 1363
59 1583 1646
20 3592 3613
14 1239 1253
43 4606 4652
60 2080 2149
74 3336 3410
45 3260 3306
58 1585 1644
73 3436 3511
49 4707 4760
77 1630 1720
32 3386 3422
29 3104 3137
41 4263 4304
51 1757 1815
15 722 739
30 349 383
75 3946 4025
30 1719 1754
22 1355 1378
28 599 628
18 2727 2746
48 629 683
68 4183 4258
50 6 62
33 3801 3834
31 2251 2283
35 242 279
33 601 636
77 1027 1104
77 2635 2713
68 4712 4785
31 1599 1634
15 2561 2577
13 63 78
