50
52 63 123
39 442 484
31 262 298
77 344 430
47 5 54
16 33 50
29 305 335
44 449 493
37 164 202
19 253 273
14 409 425
34 206 241
14 218 234
30 482 517
62 290 358
73 345 431
51 415 473
70 5 84
24 32 56
62 92 155
57 258 315
35 483 524
39 347 391
58 249 316
41 60 106
26 60 90
80 464 549
52 68 120
20 37 57
77 153 243
31 434 465
25 304 333
56 404 460
80 96 179
73 294 378
26 110 140
13 443 458
65 206 276
22 4 26
51 469 526
63 516 580
42 516 565
19 38 58
57 151 210
47 103 156
65 205 277
25 410 437
53 164 222
67 351 418
23 4 29
