100
18 376 403
14 127 149
13 259 277
18 125 152
15 147 170
18 57 84
13 237 255
11 22 40
13 360 382
11 178 196
13 140 161
14 277 296
15 357 381
18 198 222
19 263 287
17 65 90
12 20 38
14 304 323
17 327 350
10 299 316
15 268 290
15 110 134
12 302 321
17 260 283
14 218 240
11 205 221
11 15 34
19 35 60
15 266 288
14 10 29
12 35 53
15 262 285
18 180 207
15 285 307
15 60 82
16 317 341
16 332 355
18 287 312
17 11 33
11 364 382
19 138 163
12 194 211
15 313 335
16 115 136
12 12 31
16 249 273
14 170 189
17 74 100
12 173 193
13 169 189
17 45 68
17 113 137
18 269 293
19 338 366
14 363 386
12 107 125
12 163 180
15 368 391
13 184 205
18 50 77
11 51 70
16 210 231
15 302 324
10 221 239
13 115 135
11 34 50
16 210 233
19 119 147
19 364 391
15 263 286
12 103 122
11 122 142
19 77 104
17 89 115
17 227 250
12 131 149
15 328 351
13 69 88
19 195 220
18 121 147
16 280 304
16 231 255
15 276 296
14 170 189
18 189 215
12 259 276
18 319 344
10 24 39
19 299 327
14 124 144
10 64 83
11 340 360
10 376 392
16 39 62
11 233 251
13 163 185
17 63 88
19 115 143
15 272 295
18 47 71
