150
19 197 224
19 285 312
16 46 71
18 353 378
17 429 452
14 378 401
12 112 132
14 346 369
17 512 535
18 133 156
14 477 497
12 147 167
18 530 557
15 549 572
17 355 377
17 81 105
10 100 115
19 87 115
18 140 167
13 285 307
12 322 340
19 415 441
16 455 477
13 223 243
18 335 362
16 44 67
12 536 557
11 257 276
16 49 73
11 404 421
16 192 214
15 195 217
12 67 84
14 187 207
14 497 520
19 486 511
18 555 579
18 29 55
15 211 231
15 487 510
16 111 135
19 107 133
17 12 35
16 60 83
14 35 54
16 316 338
14 90 109
17 84 106
17 393 416
12 220 238
10 359 375
12 135 155
14 54 76
18 192 218
15 307 328
12 380 401
15 227 247
19 262 287
15 56 79
13 225 247
12 86 106
11 197 213
19 369 396
14 143 166
17 374 397
15 286 310
16 579 600
15 308 331
13 264 285
13 209 229
12 173 191
19 365 390
13 265 287
12 175 195
18 374 397
19 249 273
10 440 456
12 454 472
16 283 306
18 252 278
16 94 118
19 61 88
12 336 355
10 97 114
17 244 268
17 63 89
14 467 488
14 420 442
17 315 337
19 472 497
18 23 50
19 350 378
12 47 66
19 341 367
16 443 467
19 371 399
14 46 68
14 441 464
16 57 81
17 300 323
17 28 51
19 220 245
18 43 69
12 242 260
13 344 366
16 407 432
14 482 503
13 203 222
18 240 264
12 184 201
13 404 426
17 324 350
11 194 213
15 160 183
19 370 396
11 387 404
13 172 192
14 216 235
17 185 208
12 436 457
15 66 88
15 157 177
13 206 228
18 104 127
16 489 514
11 27 47
19 424 448
10 525 542
15 458 481
16 471 492
19 204 232
15 435 455
17 110 133
18 196 223
19 96 123
10 403 419
16 23 47
13 568 587
15 555 579
17 212 234
16 130 152
19 378 406
14 485 508
19 274 298
14 487 508
13 274 294
12 39 58
19 37 62
19 480 507
10 215 230
