450
16 615 639
14 1602 1624
10 103 121
12 223 244
14 250 271
17 233 255
14 288 308
17 794 818
11 1461 1477
14 450 471
12 359 378
19 822 846
12 284 302
14 323 344
11 181 197
12 1322 1340
10 732 751
11 1110 1130
10 1350 1369
10 616 634
15 1167 1187
15 128 152
15 1389 1413
12 111 129
10 1539 1556
11 356 373
18 1032 1055
13 30 51
19 160 184
16 676 700
14 969 992
17 926 948
11 641 659
14 1222 1244
19 1139 1167
15 1041 1065
14 1605 1627
13 1578 1597
14 198 220
17 1429 1455
19 551 579
16 707 729
16 774 795
11 825 842
13 1180 1202
17 945 968
13 511 531
15 275 299
18 579 602
16 224 248
15 881 903
16 109 131
13 342 363
12 794 814
18 210 235
13 245 264
13 1300 1322
16 1232 1256
18 425 452
14 1450 1469
12 431 450
12 1384 1401
11 739 755
15 1222 1246
19 1129 1156
12 402 419
11 626 646
13 1097 1117
18 343 368
17 814 839
10 889 905
17 884 909
14 44 67
16 186 209
19 73 101
17 1214 1240
15 1281 1305
14 734 755
14 1480 1503
14 223 246
12 948 966
19 884 911
10 322 338
15 1440 1460
14 41 61
10 683 702
11 208 225
17 1331 1354
16 278 301
19 783 808
14 1305 1326
10 860 876
14 690 711
17 407 432
16 445 467
13 182 201
10 959 974
19 1222 1247
16 1269 1293
18 1452 1477
16 399 424
18 681 705
15 700 720
12 594 615
14 857 880
16 923 944
11 171 191
19 502 529
13 20 42
15 174 197
15 875 899
15 1118 1138
17 1049 1072
17 1188 1210
13 921 940
11 1240 1259
17 394 416
16 1120 1144
10 1095 1114
15 662 686
17 426 448
14 763 784
16 45 67
11 1107 1126
12 1320 1338
12 481 500
16 1279 1304
12 643 662
13 226 248
12 912 932
10 458 473
19 615 642
10 116 131
17 1308 1331
14 1199 1222
16 1124 1145
16 754 777
15 1521 1544
16 149 173
19 924 950
11 58 77
13 1014 1035
16 405 429
10 1257 1272
11 725 741
11 1317 1333
11 861 881
18 1109 1133
17 960 985
11 319 335
14 295 314
17 1376 1402
18 1232 1258
12 330 349
18 846 872
10 915 931
16 961 986
17 649 675
14 81 104
19 1177 1201
19 84 110
16 530 551
10 316 335
12 190 210
15 361 383
14 38 61
10 1304 1323
11 1106 1122
10 82 100
18 1603 1630
10 393 411
13 131 151
12 981 1000
19 789 815
15 1378 1401
13 229 249
10 629 648
16 762 786
13 1329 1351
10 112 131
19 1071 1099
19 147 172
17 11 37
17 666 692
11 627 646
17 1008 1033
19 105 129
17 1579 1605
14 20 41
15 176 196
18 1279 1306
16 94 116
13 856 874
19 118 146
10 434 453
19 1208 1235
13 147 169
10 262 277
10 837 852
15 379 402
19 228 256
13 1220 1242
10 500 516
13 1199 1219
12 532 552
15 402 426
16 1419 1441
12 1311 1330
13 1154 1175
11 1271 1288
12 1573 1591
15 589 612
11 1568 1586
11 1575 1592
14 1405 1426
14 558 578
19 1106 1130
16 33 57
14 500 519
13 1116 1137
11 360 380
12 303 320
19 1360 1388
17 1206 1228
11 411 428
19 157 181
16 937 958
17 708 730
12 409 426
18 137 161
14 1078 1101
11 628 644
11 1508 1525
17 101 123
14 350 372
15 403 427
14 493 512
12 292 313
10 238 255
10 11 26
15 86 108
14 174 197
15 750 773
18 17 44
16 272 293
11 678 695
13 566 585
15 1368 1389
17 862 885
19 1216 1243
10 1007 1022
11 1212 1228
11 1509 1525
12 730 751
18 781 806
15 444 465
11 878 894
16 82 106
14 1302 1322
13 1437 1456
14 369 388
10 903 918
16 428 451
18 240 264
19 995 1020
12 769 787
13 794 813
14 11 33
16 1211 1234
15 1022 1046
16 172 196
14 1288 1311
10 1346 1365
13 912 932
12 1295 1315
16 142 163
14 114 137
17 224 246
13 33 54
14 966 985
16 1431 1456
15 1031 1054
17 701 725
18 1463 1490
17 284 309
17 1632 1658
15 270 291
19 1152 1180
13 77 99
11 96 115
14 953 973
17 437 463
11 989 1009
13 1531 1553
17 827 850
11 507 524
17 823 845
13 1611 1632
17 509 535
14 398 420
18 1156 1182
15 671 694
18 49 75
18 866 892
18 107 130
10 1494 1511
16 1158 1183
14 211 230
10 82 100
11 1181 1199
18 1327 1352
16 36 60
17 575 598
17 551 577
16 1489 1513
14 850 869
14 546 565
11 283 303
15 525 545
17 774 796
14 369 391
10 1628 1645
17 1361 1387
16 1508 1532
15 1523 1545
14 551 571
19 379 404
12 709 729
17 526 548
18 878 902
16 1257 1280
16 45 70
13 72 90
16 1456 1478
16 1061 1085
11 169 186
19 1314 1342
13 582 603
17 530 554
19 1546 1573
16 127 149
16 380 401
17 1572 1597
13 852 874
15 921 942
14 1584 1604
10 225 244
10 1618 1634
17 230 254
15 741 762
17 755 779
12 749 768
17 892 918
16 479 503
10 781 796
12 778 797
11 1020 1040
11 1150 1168
17 11 35
10 69 84
19 551 579
15 1418 1438
16 265 286
14 773 792
12 1238 1257
15 1316 1339
15 1093 1114
13 915 934
10 262 279
14 1613 1632
12 824 842
16 539 560
10 517 533
19 919 947
12 1541 1562
18 1588 1613
15 866 887
12 130 147
18 1569 1592
13 1247 1269
17 1021 1044
17 847 872
17 519 543
17 436 460
14 1316 1336
17 1290 1314
11 1365 1385
15 860 882
10 963 979
18 1366 1391
15 1079 1101
19 37 62
14 1307 1329
14 1334 1357
13 801 820
18 908 931
19 1014 1041
10 257 275
11 346 364
19 1426 1452
14 393 416
15 1320 1344
17 488 512
17 900 923
16 602 627
19 552 579
15 1012 1032
12 1459 1476
11 832 851
15 1104 1124
17 1069 1091
11 216 233
12 315 336
14 1578 1599
18 643 669
16 154 177
13 1392 1411
19 371 397
11 1164 1184
13 718 738
10 260 275
19 607 634
12 746 766
14 90 112
13 464 484
17 70 92
14 989 1012
14 1468 1487
19 477 501
15 1325 1348
15 1417 1440
15 860 880
10 1009 1026
12 428 447
14 284 305
18 134 158
12 971 988
11 1286 1305
10 1583 1601
13 166 188
16 753 777
17 1175 1197
16 533 555
19 1218 1245
11 1277 1296
14 1326 1349
15 1363 1383
14 1032 1051
16 220 243
19 890 915
