50
13 167 187
16 190 211
17 101 125
15 144 168
13 116 137
15 117 137
16 112 136
12 42 60
19 172 199
11 111 128
12 33 51
17 51 76
10 98 113
19 99 123
13 76 97
16 183 204
10 92 109
16 21 46
12 125 144
16 101 126
11 22 38
18 181 208
17 166 188
19 181 208
12 104 124
10 145 160
12 84 101
13 150 170
17 173 199
15 24 47
19 129 156
12 20 40
12 22 42
18 38 62
19 154 181
17 182 206
13 17 38
16 75 97
11 32 52
12 179 198
19 176 204
13 56 74
11 92 109
19 136 164
14 17 37
17 158 184
18 182 205
14 100 123
15 42 66
10 115 132
