150
73 100 178
73 67 196
25 35 72
4 73 97
439 83 644
26 58 106
530 49 659
6 87 105
3 31 43
5 40 64
936 8 1222
94 75 235
86 41 131
2 53 55
3 90 121
1 47 69
96 97 266
402 80 545
3 27 38
70 20 112
5 88 131
8 77 116
23 16 55
2 17 23
4 8 15
5 69 74
4 83 113
30 75 136
7 27 48
7 18 30
3 14 17
7 58 94
964 78 1227
395 40 444
44 46 120
672 25 823
3 51 62
9 43 77
271 79 467
663 68 1037
8 79 99
217 90 312
6 19 30
62 98 219
78 72 187
616 46 863
363 87 642
526 44 839
85 81 167
23 62 102
868 95 1396
18 6 32
100 98 209
791 88 948
6 97 134
776 8 811
302 60 528
614 52 894
6 54 69
5 52 83
346 100 498
8 73 93
5 49 77
4 22 27
35 41 92
943 69 1336
341 14 387
23 28 51
702 93 1163
769 92 928
730 84 1117
520 31 772
530 27 687
587 67 951
4 84 106
964 60 1519
889 79 981
9 55 87
3 28 31
238 94 372
504 83 617
40 40 104
337 6 506
42 16 78
311 26 373
75 4 89
336 51 410
6 35 44
823 99 1366
91 72 195
8 97 107
10 33 57
55 32 121
912 92 1008
791 85 1219
45 81 150
827 70 1202
66 11 97
81 40 172
8 34 62
69 11 85
260 74 445
355 86 608
3 25 33
2 59 63
10 43 78
388 92 526
5 22 36
77 70 197
358 99 583
9 3 17
755 89 1016
15 39 75
298 44 388
842 95 1097
6 31 40
3 18 28
633 83 947
10 100 141
5 37 49
54 67 123
1 72 94
280 8 304
4 22 28
11 30 58
99 36 147
91 90 257
32 52 103
67 7 76
27 93 144
35 30 97
99 90 255
9 94 147
15 21 46
5 67 99
622 19 733
64 96 230
42 57 121
703 81 904
493 79 747
53 92 180
8 15 32
4 16 26
9 17 26
357 69 636
838 36 1001
603 94 1024
79 42 152
26 67 124
10 6 17
