200
451 30 590
514 3 743
56 20 82
82 41 146
1 18 28
437 65 739
82 59 196
36 45 106
8 18 33
30 49 94
71 16 108
2 78 97
1 32 47
76 30 156
623 46 811
944 98 1406
4 4 10
36 16 77
71 94 197
29 53 91
90 66 166
478 6 685
1 66 88
567 64 801
742 33 1086
681 20 724
327 80 513
89 27 173
75 15 107
60 29 115
2 5 8
40 15 79
3 91 127
525 7 598
2 10 17
4 55 87
9 58 72
8 46 68
706 33 1093
4 30 35
2 92 109
42 73 137
214 74 358
4 41 53
560 9 664
5 46 55
18 49 87
625 2 806
918 68 1092
96 82 211
213 18 341
81 18 114
93 5 120
594 58 875
77 52 153
2 19 21
5 41 69
586 53 897
414 55 552
495 8 690
536 56 758
97 39 151
6 67 104
77 78 173
214 71 363
6 65 71
3 65 71
87 90 209
44 16 60
986 33 1261
792 59 856
8 50 65
979 34 1275
367 61 476
11 100 122
73 46 172
10 81 123
4 22 33
7 90 143
90 97 231
4 17 23
238 56 422
702 26 977
696 33 904
85 6 129
43 1 59
22 40 84
9 87 122
802 79 1024
8 62 91
69 70 171
83 75 177
149 48 275
228 45 348
73 72 216
79 39 129
1 27 40
5 3 8
775 65 846
395 28 505
72 69 208
69 30 143
40 70 131
590 44 895
27 40 72
904 92 1278
311 88 571
10 49 64
839 52 1289
2 5 10
7 88 105
4 41 58
694 47 861
81 85 233
5 81 87
3 24 30
19 31 62
5 22 28
3 66 85
15 66 113
12 58 73
239 4 359
971 56 1221
54 14 68
4 1 6
23 8 45
480 80 611
1 84 102
786 84 1031
8 19 31
82 77 212
64 44 156
78 46 137
8 4 12
368 82 647
38 43 101
10 75 96
105 22 142
80 86 224
50 39 127
474 43 662
9 15 30
354 63 546
8 93 135
93 21 129
491 13 618
4 99 131
155 13 185
9 48 73
4 72 104
76 66 184
4 83 95
7 21 36
6 2 10
10 79 128
100 79 231
7 42 71
5 19 28
16 18 39
9 38 56
718 45 901
3 15 25
54 21 77
735 23 1078
3 13 19
89 10 138
99 46 152
108 61 234
965 12 1426
5 37 45
10 7 25
5 63 71
7 98 112
8 81 132
1 48 68
909 44 1377
3 20 23
32 23 55
10 9 24
9 2 11
13 17 45
8 8 21
8 73 97
263 46 373
10 11 21
50 77 136
962 56 1080
4 36 43
476 13 499
57 62 173
962 57 1307
4 32 49
9 93 111
977 61 1190
42 82 145
653 74 1045
588 16 830
374 45 463
4 24 30
25 64 104
