250
9 9 24
54 26 116
449 38 724
4 13 23
10 77 102
648 73 870
9 4 16
195 75 315
74 38 136
10 18 38
10 61 94
89 89 241
52 2 74
492 12 696
400 88 548
8 9 22
24 62 127
472 16 501
932 83 1351
951 91 1503
766 60 894
22 91 116
477 92 763
219 65 331
30 91 131
73 72 204
3 21 32
99 43 151
1 61 74
121 1 175
271 2 403
28 92 145
8 46 55
40 89 177
620 23 750
683 26 797
46 80 188
3 94 115
304 75 480
31 17 48
8 70 101
830 78 1334
4 18 24
7 61 85
553 25 799
55 72 145
6 1 7
698 14 903
62 86 166
4 54 73
434 9 662
85 11 115
475 24 573
41 71 146
48 68 172
862 86 1134
8 12 27
24 6 35
60 10 81
16 61 115
26 6 33
3 78 85
30 45 75
18 83 111
1 14 18
4 28 48
367 85 483
10 76 124
3 16 24
885 84 1046
76 1 97
46 64 157
37 4 47
8 41 61
175 39 289
10 59 99
5 21 26
439 65 693
9 46 62
76 17 93
37 100 177
5 48 71
3 42 65
28 11 47
600 75 787
6 32 44
366 29 542
177 17 217
82 14 125
1 49 57
7 57 91
34 70 154
8 21 30
868 25 1304
39 21 65
887 58 966
19 3 24
178 44 228
8 16 31
544 40 650
27 60 109
1 5 6
215 9 331
10 56 89
135 47 212
35 60 95
85 51 144
56 5 72
75 81 231
89 92 188
595 80 879
9 40 52
285 4 420
24 78 111
938 89 1105
19 33 56
891 9 1244
8 26 39
527 95 720
84 34 129
686 47 1067
926 52 1342
3 90 123
946 44 1167
25 14 48
7 65 93
628 79 720
82 87 242
560 11 805
100 3 149
16 5 25
5 39 46
3 80 89
208 10 273
1 26 38
857 47 1292
463 9 517
10 58 90
68 50 151
3 98 117
10 91 138
31 28 61
2 11 14
140 24 184
60 57 162
3 11 18
8 93 124
4 12 21
2 20 31
175 63 338
745 5 856
197 71 272
6 84 106
36 96 135
971 7 1349
7 53 78
5 5 11
200 25 279
95 66 234
110 93 206
3 27 41
5 27 44
8 53 70
32 34 70
88 12 132
444 39 643
8 76 105
3 50 65
1 51 66
9 10 25
478 25 510
7 46 56
4 90 105
100 43 175
13 40 70
20 2 30
2 1 4
79 96 215
650 80 862
247 87 373
42 83 167
689 29 737
844 43 1298
4 58 84
77 10 88
497 30 538
4 93 103
217 31 325
8 84 104
88 22 161
20 36 76
793 72 1205
74 54 152
25 78 116
6 52 77
335 88 476
3 70 108
66 7 89
66 43 141
874 13 888
49 96 187
2 83 112
10 9 20
180 28 291
108 15 178
11 11 27
1 87 89
16 90 114
39 59 146
464 12 680
1 69 94
53 58 118
80 30 163
95 20 125
4 32 49
6 81 123
75 4 116
9 54 69
684 96 968
8 21 34
5 5 13
242 36 307
985 60 1127
2 29 43
744 31 1113
9 17 28
99 36 172
27 75 125
5 26 32
12 85 107
750 88 928
21 75 104
972 87 1411
97 24 148
94 73 216
96 6 107
5 1 9
624 87 914
7 79 95
1 9 11
775 38 1079
2 93 106
5 4 9
3 31 42
9 48 64
39 18 78
11 43 71
90 83 246
6 69 105
210 20 281
