450
8 79 95
776 70 1171
1 53 81
50 67 156
219 50 366
9 18 33
5 64 87
69 82 186
292 53 365
8 5 17
28 47 84
4 69 109
9 89 101
27 85 164
6 51 75
556 92 838
9 61 98
761 80 967
5 60 65
3 12 22
2 72 87
7 46 53
10 97 114
534 23 557
10 95 116
10 54 71
38 42 117
1 45 69
8 54 80
71 44 172
9 53 73
31 93 153
659 87 853
91 55 189
64 35 140
910 13 1224
60 39 134
9 10 20
100 81 265
63 57 173
1 7 10
48 30 83
472 11 674
727 91 941
6 4 12
65 11 102
26 53 90
3 70 92
6 13 20
3 56 76
82 35 164
6 45 65
43 19 67
50 72 174
100 50 161
10 38 54
6 48 77
169 68 248
120 87 211
873 49 1226
24 18 45
484 91 776
38 42 82
6 88 95
2 91 120
444 86 588
318 37 508
901 84 1418
397 40 605
5 95 109
1 3 6
10 23 33
8 74 97
909 32 1139
948 19 1222
4 14 26
935 18 1013
6 11 19
11 60 100
298 71 416
42 67 144
8 98 113
814 50 1037
205 18 300
3 28 40
8 53 72
9 70 80
128 5 159
71 54 127
2 88 132
391 91 627
327 86 461
858 36 1169
54 85 156
127 96 325
3 9 18
36 21 85
7 66 97
148 47 264
5 15 28
10 5 19
94 33 172
381 62 638
729 2 978
75 51 153
59 93 176
81 27 133
278 81 486
82 67 152
401 51 505
2 51 64
72 2 101
904 37 1178
111 60 221
18 63 105
19 19 38
757 96 1124
3 60 78
15 34 55
1 5 9
82 37 145
45 53 143
30 43 105
61 17 110
534 48 655
907 17 1118
692 38 929
1 59 60
6 45 54
27 17 55
820 8 917
601 92 1033
45 78 149
7 17 35
961 7 1171
95 98 226
13 89 144
1 69 70
66 33 114
152 14 202
272 20 429
6 28 37
1 11 12
73 70 185
457 1 503
9 59 100
80 86 206
2 81 84
10 39 59
516 45 602
94 29 145
205 65 276
9 37 48
1 24 25
29 61 115
8 6 16
6 55 66
2 72 107
79 99 219
328 94 524
3 61 74
990 64 1060
3 59 68
10 77 127
621 78 785
67 64 131
46 46 109
12 9 29
70 88 194
848 100 1368
74 45 153
7 80 96
51 39 104
719 94 857
40 64 121
7 94 118
33 15 67
41 24 92
72 13 126
837 23 974
316 85 446
5 80 108
163 42 262
123 91 312
760 61 862
18 77 96
46 5 59
41 27 86
46 75 142
30 90 154
68 9 93
100 6 148
2 4 8
5 74 103
80 9 133
370 47 481
386 85 654
7 78 111
7 30 48
946 5 1325
573 55 632
974 87 1308
63 73 145
556 36 883
523 80 844
2 35 44
964 9 1430
40 90 142
7 70 110
235 22 380
258 80 412
66 22 116
841 47 1053
9 43 71
835 88 1192
749 23 948
95 12 122
182 20 215
45 75 177
512 62 628
37 55 126
71 33 141
5 67 94
18 82 135
9 70 99
4 28 40
80 93 247
71 74 216
6 98 123
10 86 135
718 62 792
85 66 165
38 30 87
562 78 678
73 3 111
13 75 93
2 13 15
862 92 1029
185 99 345
152 28 251
533 44 840
891 5 1048
34 42 94
8 9 23
899 23 1055
7 44 72
35 57 95
235 39 409
17 41 59
19 19 51
3 1 5
445 40 617
652 64 902
47 70 142
7 24 45
52 89 148
543 89 910
88 88 235
91 52 152
460 22 568
567 13 853
637 20 890
144 61 277
77 3 101
575 45 755
10 6 19
10 94 151
97 94 264
49 19 71
821 97 1092
3 56 77
694 49 797
49 75 183
468 60 583
3 57 65
985 75 1503
922 5 1038
9 78 101
10 71 94
63 88 191
100 73 252
11 25 54
6 76 93
1 82 122
25 77 142
214 15 240
377 27 588
65 96 181
32 8 48
82 55 193
265 47 424
72 11 99
659 59 878
22 47 98
217 90 355
782 22 1154
7 21 38
226 36 375
43 27 88
39 23 78
7 3 14
470 80 721
243 54 379
2 43 54
37 76 168
219 52 336
54 5 67
53 98 151
64 43 135
61 44 133
793 68 1149
22 34 69
286 42 421
613 85 969
9 89 144
29 92 125
61 90 206
10 66 97
72 14 107
52 48 130
13 46 66
112 9 136
447 41 567
773 60 1074
67 100 203
746 45 930
910 49 1218
8 52 61
71 90 234
75 77 223
164 11 241
309 49 389
94 39 187
81 65 202
129 33 241
4 98 113
63 23 116
657 51 852
14 91 115
8 97 136
456 42 573
157 87 261
42 69 131
8 98 122
4 72 106
7 1 10
33 72 111
6 81 107
7 58 94
8 67 82
22 5 36
10 42 66
222 100 366
51 76 185
44 97 190
22 86 156
994 86 1195
82 80 225
621 99 1024
8 82 106
10 33 45
787 27 842
5 92 105
355 44 490
2 26 34
78 73 220
490 36 702
2 55 71
10 34 44
41 24 73
405 60 597
8 12 26
415 80 550
95 26 143
47 83 140
7 25 39
20 32 62
7 16 24
321 51 532
560 62 916
3 71 109
58 78 161
941 17 1151
12 7 27
10 52 65
2 68 85
53 14 81
912 23 1225
4 96 137
8 62 94
33 55 129
96 4 131
4 81 110
3 57 75
940 36 1100
18 77 128
89 72 227
2 54 63
64 7 86
15 43 76
63 98 213
92 93 198
320 51 396
78 74 152
704 70 1114
864 27 949
94 55 211
570 27 765
1 62 64
86 33 155
780 79 864
9 62 82
5 67 80
293 36 488
596 72 788
39 11 51
1 55 56
346 18 403
595 53 818
28 21 68
8 62 103
5 13 26
86 22 108
934 90 1356
6 86 122
56 70 181
2 83 97
8 31 50
10 74 121
10 75 103
246 30 406
8 20 37
68 55 183
6 45 68
9 52 84
4 44 51
72 16 122
253 75 349
3 84 106
10 41 52
7 56 79
675 72 886
5 89 95
85 25 135
90 65 172
8 68 89
6 27 44
77 14 111
208 94 385
5 99 113
