500
36 17 57
8 38 64
45 12 76
38 49 122
4 96 132
64 47 165
2 97 99
4 25 35
720 23 1084
91 86 262
11 1 13
8 76 125
6 37 62
36 54 125
226 65 298
309 95 542
49 89 196
1 33 50
25 91 172
665 33 972
96 15 115
247 61 337
404 83 509
7 86 101
32 59 103
2 82 97
9 97 158
3 47 60
1 95 142
56 31 114
4 37 47
40 1 57
971 59 1268
9 73 114
20 26 46
195 34 278
801 60 974
333 17 419
78 84 201
7 40 66
771 87 974
7 70 109
505 21 687
17 81 112
10 49 66
66 50 139
537 13 700
2 24 34
4 52 58
2 48 55
99 86 274
781 5 1020
588 84 937
244 90 434
778 9 872
163 37 269
8 69 94
66 58 142
80 67 162
678 5 855
45 75 165
28 86 166
982 77 1318
10 11 27
101 28 158
515 27 769
1 20 25
684 31 1018
2 48 60
5 41 62
640 3 752
794 82 1280
5 96 103
56 37 122
5 64 88
77 69 177
350 64 509
4 89 117
9 10 25
17 41 78
86 7 137
73 92 215
4 47 75
4 2 9
593 37 657
629 94 999
756 13 825
3 81 126
84 75 167
75 25 125
6 85 96
39 7 60
836 89 1226
30 69 120
1 52 60
2 9 15
637 46 714
776 50 829
8 93 127
4 7 11
3 74 82
901 59 1236
77 2 87
85 6 95
10 48 77
21 90 166
20 81 115
11 5 18
435 74 756
139 84 292
460 97 621
567 1 840
892 37 1230
9 92 129
7 83 116
2 43 46
10 20 34
75 51 146
762 92 965
9 84 106
920 72 1118
1 57 64
473 53 722
95 95 274
99 85 206
933 14 1214
68 23 131
813 55 1169
6 34 56
83 51 186
85 71 176
336 81 623
233 73 447
978 76 1348
1 49 61
24 32 64
92 48 153
61 17 97
832 37 1083
48 14 79
1 57 69
3 45 61
2 86 99
9 51 61
10 93 134
208 38 332
17 41 75
3 69 87
7 62 88
28 13 61
35 74 163
254 64 342
817 59 1314
442 31 694
43 37 92
15 57 72
197 65 279
70 1 94
6 10 23
2 48 70
676 30 1043
5 5 10
5 82 116
8 84 107
423 45 635
51 92 155
9 23 41
9 49 67
87 95 270
10 87 139
30 69 136
52 39 99
16 88 118
10 84 118
1 84 101
882 1 977
254 80 420
50 38 90
890 25 1112
364 71 552
904 15 1354
574 56 820
4 7 13
93 94 254
765 52 927
8 27 52
7 81 125
7 16 27
69 83 176
2 6 10
32 80 152
200 44 295
95 2 102
663 88 915
1 49 60
408 47 644
736 96 981
47 37 111
693 58 764
35 70 157
43 43 125
4 12 18
9 42 66
5 46 76
922 65 1284
87 47 170
408 83 608
175 19 289
6 79 94
8 53 87
445 16 544
5 42 55
3 66 81
1000 71 1073
42 94 175
7 82 120
6 39 61
92 5 115
32 63 109
69 42 147
50 85 152
463 67 637
71 78 190
597 82 720
7 32 47
361 55 520
918 23 1079
77 9 126
55 77 186
10 79 102
50 72 153
659 58 977
208 89 321
2 36 53
95 24 140
661 78 771
9 14 30
437 2 518
376 22 424
201 29 265
8 30 55
835 69 1318
894 92 1164
4 91 110
84 23 114
21 58 81
6 29 47
6 70 98
78 48 162
46 65 113
1 76 87
46 88 164
469 49 618
10 1 16
208 3 259
36 6 44
339 79 594
9 50 59
28 17 51
48 100 179
1 78 107
6 34 59
6 60 77
97 42 167
474 50 696
10 42 53
988 49 1231
443 43 603
68 35 150
64 23 127
5 83 97
9 58 77
266 48 422
505 83 854
386 81 547
271 20 416
21 59 112
78 97 181
446 7 476
77 13 128
461 44 692
525 82 746
72 33 131
433 99 610
122 87 236
460 82 723
5 91 123
226 37 355
5 39 44
387 69 674
83 36 141
64 94 162
77 26 146
77 70 175
994 40 1284
868 97 1410
59 81 187
307 56 412
8 31 40
56 89 196
21 52 89
7 36 46
988 73 1517
34 75 154
71 28 118
3 82 100
2 92 97
428 6 552
18 26 58
4 13 21
841 34 1153
434 39 671
1000 78 1247
589 74 681
1 63 89
553 4 581
188 85 344
145 38 261
692 17 794
29 36 74
66 67 140
6 44 64
10 40 57
53 19 87
4 75 116
4 33 47
10 91 112
5 69 102
551 32 610
88 23 117
9 36 45
10 25 41
44 72 122
6 38 45
9 13 31
46 69 119
43 22 74
706 63 914
5 37 52
806 5 959
82 61 190
30 67 105
1 74 111
8 43 66
10 35 59
62 60 138
7 92 132
867 69 1289
9 49 83
769 40 994
7 23 38
5 23 34
2 4 7
739 72 1123
1 27 42
2 57 83
3 58 86
3 32 38
922 58 1175
5 85 110
813 60 1205
5 87 127
843 10 1161
756 73 833
35 5 58
92 72 177
543 45 640
4 61 70
9 43 74
9 53 77
74 58 137
9 77 97
5 87 109
726 30 1062
5 11 22
10 92 107
660 32 982
24 87 148
784 65 893
2 69 103
10 69 102
898 16 1056
84 8 127
5 40 49
335 83 566
88 61 171
108 91 245
210 60 335
13 34 66
8 23 32
377 91 507
9 39 66
4 32 51
711 72 967
5 24 29
7 82 133
8 11 21
18 40 72
2 17 26
8 27 52
797 95 1253
9 26 49
545 30 703
8 92 146
93 58 186
23 18 43
1 25 32
6 63 69
98 17 168
47 83 182
9 14 31
983 34 1307
63 90 162
1 5 7
323 45 413
59 43 131
392 97 641
577 70 892
819 23 1076
1 92 94
5 19 27
62 91 204
717 4 769
27 86 165
10 11 30
507 28 791
319 92 457
656 64 914
8 77 112
364 49 462
621 36 868
554 6 569
6 27 47
7 68 80
6 46 70
36 80 166
46 59 125
5 92 129
385 67 532
655 34 790
1 45 47
883 75 1241
1 46 61
681 48 783
91 95 205
43 75 148
735 4 1100
4 25 37
3 18 23
3 70 103
8 45 77
43 32 98
688 76 831
7 59 83
92 53 153
10 91 145
4 57 76
9 15 26
1 13 21
80 15 140
95 25 150
450 30 538
7 75 99
36 25 68
743 76 1213
5 81 124
1 76 106
81 58 205
27 21 68
92 70 173
279 83 478
81 5 104
47 75 181
10 95 119
868 57 972
815 88 1095
29 8 38
90 9 135
55 52 158
5 56 73
24 94 151
9 16 25
85 8 139
348 4 400
637 73 938
180 10 194
69 82 194
2 76 114
6 14 20
6 55 68
9 20 43
6 1 8
537 7 742
333 64 397
91 39 159
43 55 125
311 35 414
32 16 55
4 48 73
41 59 143
