100
5 19 32
17 39 95
9 18 29
10 1 44
13 20 77
1 39 45
7 5 16
7 47 65
9 39 121
14 42 56
14 13 87
5 2 38
18 45 105
9 9 117
11 28 84
4 1 71
9 20 73
10 39 53
12 7 113
10 47 67
9 25 47
10 23 112
20 45 128
15 17 80
6 4 35
18 18 122
4 24 100
7 48 149
14 47 123
5 48 86
1 36 68
14 11 46
15 37 143
6 7 92
9 31 81
11 22 117
12 44 90
5 39 107
6 24 38
15 40 122
16 22 116
5 46 94
20 28 142
17 36 122
19 47 134
1 41 49
10 10 87
7 48 94
18 43 137
12 39 142
10 4 66
17 20 49
13 28 103
20 4 55
7 41 119
3 24 105
11 5 85
15 44 94
1 30 75
11 11 28
11 7 18
16 19 42
13 46 78
1 30 115
11 22 119
17 36 140
16 46 121
13 49 83
10 27 72
5 9 79
4 34 81
15 22 72
13 15 45
10 31 65
19 9 115
19 41 149
19 8 120
3 48 132
20 8 94
15 49 123
15 30 51
20 2 81
10 18 88
10 37 146
16 28 116
18 19 61
1 32 112
10 16 111
9 49 120
15 34 126
9 44 73
19 10 43
4 23 52
19 23 80
20 21 131
1 14 84
9 20 110
18 6 66
17 34 105
2 26 74
