200
34 80 182
37 75 217
35 75 272
16 11 190
38 63 254
26 26 209
13 5 119
7 60 118
39 25 209
12 51 103
35 91 163
19 90 290
14 55 133
27 83 278
16 37 228
36 71 151
15 81 275
1 14 91
1 73 152
34 37 224
38 99 191
10 80 265
24 44 174
11 30 185
27 43 162
15 34 88
7 16 193
9 88 292
30 39 106
25 85 183
16 66 239
27 30 249
15 51 175
16 43 254
38 2 144
31 5 218
18 44 112
30 32 246
22 43 181
35 87 264
34 95 223
24 80 138
37 10 63
14 27 201
2 11 170
7 94 115
10 31 169
34 68 263
17 42 106
26 76 209
19 32 201
22 1 71
24 3 73
5 26 54
16 41 250
6 50 230
29 62 183
32 3 138
26 55 236
31 92 139
18 31 184
1 61 167
32 41 255
12 8 111
22 26 183
21 12 178
10 52 163
24 79 280
23 58 144
10 42 187
32 10 210
17 64 87
32 55 239
12 31 128
27 90 202
13 4 124
10 52 212
5 3 76
30 78 136
21 63 163
35 95 188
40 82 315
23 45 195
39 21 200
6 40 119
13 26 179
11 46 88
34 98 326
31 2 87
15 17 230
37 80 308
25 86 149
26 20 61
31 16 203
34 61 276
22 0 68
4 29 188
39 60 254
29 64 210
34 52 105
10 38 107
25 84 275
20 73 188
38 32 133
30 77 231
5 18 85
15 7 162
6 81 251
10 40 242
32 88 139
17 88 250
17 70 183
4 70 97
31 23 154
36 58 269
1 39 74
4 21 50
35 80 120
6 15 68
8 96 131
15 84 283
30 9 56
18 97 298
9 48 176
15 4 47
5 1 38
39 65 300
5 54 198
26 67 217
11 61 143
20 58 95
6 7 152
15 85 237
20 60 226
21 65 154
31 15 209
14 19 202
29 89 165
24 48 263
10 0 197
15 61 225
28 24 225
37 71 119
18 4 86
21 8 44
40 12 162
11 48 215
26 2 44
37 57 180
33 42 252
9 99 240
10 59 226
24 24 214
40 41 194
29 60 278
15 4 61
35 30 99
8 15 173
27 77 294
9 90 182
29 60 148
12 4 111
7 78 163
15 21 194
11 60 100
19 32 220
23 45 144
35 76 152
25 85 229
5 78 266
23 29 250
30 17 177
27 48 204
31 78 185
5 76 139
9 96 304
4 78 225
3 68 147
23 64 175
27 60 206
16 92 262
5 59 94
5 78 257
6 19 61
11 17 96
18 21 230
39 77 261
37 40 233
18 8 175
8 62 208
26 52 104
25 6 48
24 0 65
40 29 210
27 58 235
11 57 164
35 89 156
28 53 194
16 3 158
30 21 193
