250
27 16 128
43 52 266
27 66 169
11 111 260
3 80 99
1 53 289
13 28 45
50 8 141
35 97 258
7 30 113
42 9 98
11 85 277
3 57 118
17 118 201
15 107 327
2 85 93
47 7 299
33 50 282
9 103 133
33 68 169
42 81 283
39 111 371
25 36 88
34 15 98
13 36 104
41 124 247
26 7 177
10 5 32
44 4 58
17 110 176
21 5 254
10 119 276
32 9 48
2 82 265
31 113 183
42 98 249
32 96 179
40 65 207
5 79 292
39 49 161
23 83 286
4 90 286
9 38 281
31 55 187
41 71 200
9 110 229
29 68 282
4 78 120
34 46 268
43 20 267
34 95 352
17 16 72
2 47 244
31 95 334
31 38 216
42 9 254
39 112 176
43 41 297
2 49 70
10 110 248
30 56 280
4 71 99
40 27 309
49 112 168
12 15 222
31 46 143
22 30 219
29 25 119
7 99 120
10 81 322
36 100 238
47 90 180
33 116 286
11 94 105
23 117 337
25 50 242
12 16 239
35 20 159
7 103 213
8 110 209
19 35 125
35 106 303
37 103 389
44 58 335
17 9 137
38 88 316
17 13 177
27 16 188
9 123 333
12 105 328
29 82 342
24 75 338
23 8 212
12 34 180
46 74 158
5 76 267
22 122 268
39 29 199
34 119 256
49 8 88
7 32 220
44 26 238
48 46 191
31 50 94
44 23 102
30 115 165
17 97 296
24 32 249
35 0 284
35 6 108
5 0 248
32 74 238
29 111 278
6 37 184
39 81 219
39 93 228
42 96 305
17 91 339
33 23 242
12 66 212
24 111 276
50 40 175
34 1 224
46 84 329
5 123 377
30 41 266
38 96 357
23 23 122
18 77 336
3 123 313
43 76 368
50 4 253
42 17 230
27 21 189
24 21 265
6 119 177
12 34 283
41 104 329
15 74 219
9 6 18
49 95 195
21 85 161
38 4 95
29 79 262
8 21 125
5 80 152
39 105 376
21 82 194
8 56 212
13 97 259
36 12 270
41 33 134
16 108 260
4 79 314
8 52 104
29 38 146
29 114 253
7 50 160
36 20 62
44 81 165
17 99 296
46 23 277
48 21 313
35 79 221
12 3 103
21 10 41
37 37 179
27 4 165
34 78 319
20 99 242
36 29 283
27 15 291
36 100 325
43 1 106
17 30 137
24 26 239
35 123 373
42 77 239
23 52 140
49 14 193
24 60 272
36 40 83
7 21 86
25 79 224
12 74 134
46 20 161
9 116 262
8 26 137
13 116 223
24 83 303
16 21 137
14 72 329
5 111 117
27 34 265
44 39 269
16 106 178
6 103 343
24 57 130
10 113 243
2 91 164
43 123 369
12 46 116
6 84 207
46 68 203
39 16 263
11 101 357
25 66 213
10 6 183
6 62 120
18 31 182
31 121 397
33 54 223
47 56 115
44 14 253
38 122 272
49 75 167
30 88 299
35 38 119
31 10 288
47 86 361
21 33 121
11 45 194
9 119 223
32 19 159
34 49 240
6 115 265
6 77 155
5 105 291
2 98 141
34 94 238
23 57 83
4 7 182
12 94 132
23 107 377
40 36 284
49 23 251
7 54 192
50 4 153
44 5 185
42 115 209
8 26 215
37 13 157
40 92 273
10 26 37
2 94 97
22 31 112
18 104 130
21 87 194
42 108 161
37 28 215
