450
38 21 372
74 175 496
32 202 534
78 1 264
4 224 454
1 103 284
87 90 438
71 51 367
21 131 514
17 116 302
9 6 136
6 97 315
55 66 425
79 139 313
90 58 427
55 91 171
71 146 532
25 190 607
41 39 484
50 201 436
15 113 145
72 223 672
69 29 477
55 23 88
55 223 529
51 185 238
62 159 640
82 121 388
90 85 406
86 169 413
55 54 246
20 101 226
16 5 239
55 184 270
29 4 386
15 90 349
39 46 290
9 217 517
45 205 322
3 13 287
49 123 217
20 95 118
8 163 578
1 223 331
82 144 420
30 91 520
78 39 147
26 34 286
46 44 237
18 152 221
69 81 310
37 1 164
14 17 85
82 189 529
36 133 561
33 169 215
56 89 400
29 25 101
13 43 348
88 90 445
58 28 289
87 139 589
57 46 104
54 104 588
33 183 598
46 162 639
89 191 700
39 13 74
73 174 428
68 27 340
51 75 302
67 191 333
67 196 545
65 22 337
2 160 328
20 103 320
23 215 622
62 36 125
3 66 78
81 190 650
74 112 392
20 40 230
47 124 344
9 154 384
45 86 230
61 106 494
62 54 389
33 151 574
78 177 636
35 109 522
86 127 565
29 99 435
22 67 290
45 89 224
87 18 383
71 126 242
85 125 494
89 69 589
42 93 456
9 3 70
68 104 197
50 75 340
39 167 214
10 177 453
37 56 141
8 192 363
46 147 275
8 21 255
40 109 241
49 170 375
27 133 189
28 176 646
81 150 312
13 89 298
61 190 456
51 160 435
77 38 395
82 83 464
6 180 299
34 43 340
6 32 153
24 117 166
11 120 137
66 107 490
20 42 284
80 185 685
32 132 341
48 224 368
7 108 226
16 145 177
67 184 355
46 222 337
12 173 345
9 195 517
42 165 532
12 58 264
56 223 534
48 212 403
1 13 192
12 173 614
86 133 626
41 84 518
54 71 548
37 151 263
45 77 336
30 209 429
3 38 354
44 173 620
1 132 150
79 200 429
39 84 351
80 54 553
47 74 423
25 44 404
15 138 255
55 35 489
30 8 372
29 181 321
7 74 465
36 71 340
22 157 487
6 218 613
57 166 407
3 120 350
50 116 259
35 161 377
82 159 504
13 56 317
52 7 102
15 146 227
8 85 361
31 132 211
32 63 220
51 198 680
9 187 361
78 29 295
8 171 479
49 84 333
37 22 218
73 159 416
11 217 505
40 35 202
59 202 605
31 157 310
38 63 478
38 217 349
86 123 221
48 31 319
79 151 293
12 51 294
70 129 602
31 172 284
62 82 411
83 41 418
3 187 295
69 141 210
6 35 173
11 114 439
22 32 190
56 63 120
47 69 276
54 62 447
25 123 350
41 188 358
63 73 375
9 136 384
62 67 560
3 76 160
36 161 472
19 135 199
10 157 168
37 213 322
78 204 724
77 5 253
27 220 289
55 103 479
4 120 516
13 166 525
80 1 254
70 114 295
36 39 519
23 205 583
51 123 533
10 74 336
5 220 452
34 185 577
81 184 687
7 115 232
53 90 356
29 206 578
53 23 133
50 43 306
57 193 653
20 95 266
42 143 437
38 155 310
17 56 176
10 150 437
16 152 378
73 88 414
46 107 523
80 178 551
12 154 333
80 1 453
80 88 230
31 126 487
18 197 652
57 19 107
27 26 432
32 80 237
12 7 385
50 24 120
56 75 559
75 167 443
30 21 287
28 106 285
53 98 399
48 23 183
76 165 619
87 162 402
6 116 337
80 73 220
60 66 399
47 163 310
75 92 205
50 144 637
72 173 644
77 90 253
73 191 642
63 165 517
86 141 515
80 205 356
77 55 158
16 5 61
88 125 353
19 101 455
73 200 553
44 99 589
1 195 334
37 162 545
48 12 394
19 73 335
58 174 290
4 145 596
42 10 335
43 24 84
23 65 479
60 71 498
64 214 694
41 27 96
57 219 600
30 151 549
14 81 249
86 173 560
3 72 411
56 216 358
32 92 150
61 168 586
55 62 205
81 153 585
73 180 654
56 14 422
39 53 285
17 51 261
81 164 589
45 189 283
51 95 357
7 184 637
60 140 475
30 142 416
13 140 338
50 203 546
67 38 196
21 63 128
89 211 328
30 41 346
27 78 281
14 223 487
55 85 484
30 209 558
67 105 305
65 109 519
56 179 348
60 70 345
23 41 335
50 20 491
70 164 510
28 214 252
21 154 193
37 200 414
53 152 605
40 132 402
66 140 277
24 123 428
42 4 151
44 100 490
5 5 429
68 171 296
84 138 492
63 95 339
32 185 484
6 21 437
62 129 622
73 160 555
89 57 424
71 207 368
53 148 391
35 60 242
33 187 311
57 23 431
45 132 570
69 77 167
65 184 388
51 35 339
52 13 117
72 182 566
28 111 340
28 34 371
5 119 241
38 88 405
79 38 123
5 51 159
82 87 548
62 165 392
16 178 312
46 159 635
86 49 386
48 60 446
79 151 498
25 58 381
90 207 692
18 70 449
57 52 421
20 134 381
1 211 323
54 26 274
63 167 294
66 16 359
86 57 360
73 125 566
38 115 256
67 35 413
36 100 265
25 219 432
13 62 336
59 158 279
56 182 521
85 1 134
18 208 591
11 25 86
31 44 333
44 142 216
18 57 303
45 83 327
31 32 125
25 7 325
36 55 273
34 107 577
53 70 276
6 62 183
66 118 533
83 118 551
75 108 555
70 93 290
68 24 438
8 50 165
37 189 462
90 112 371
21 62 212
70 28 341
24 128 167
44 153 342
85 132 459
31 46 469
42 55 288
6 49 89
83 10 480
24 186 299
21 92 494
78 59 279
26 37 269
26 19 97
75 72 421
67 53 453
79 73 523
51 28 110
70 90 404
15 115 217
87 47 368
36 60 334
81 213 445
12 220 514
14 25 183
45 57 344
32 187 485
70 184 617
88 151 257
75 57 504
35 151 394
18 216 369
27 163 352
78 109 283
57 108 565
33 186 668
8 57 278
24 62 263
11 180 433
7 164 203
64 29 378
31 113 285
