500
25 184 479
48 156 305
78 130 387
64 202 313
31 243 349
84 15 153
76 227 783
86 56 403
94 245 519
76 131 699
13 42 223
36 73 566
24 164 414
12 221 280
70 80 481
34 112 572
26 15 241
10 48 267
17 127 474
33 246 567
85 206 401
11 213 593
77 229 671
20 44 423
53 110 566
92 79 618
99 55 498
24 67 428
94 121 450
41 32 158
32 24 555
67 9 339
81 93 576
32 25 412
56 72 523
22 15 393
55 4 111
95 152 651
20 78 186
30 57 117
24 95 416
70 104 263
89 239 821
51 91 482
64 177 474
66 20 266
50 24 338
85 95 402
96 91 517
19 238 438
12 242 400
6 158 244
54 241 561
41 1 373
21 99 147
68 16 142
68 110 243
40 164 633
30 137 306
54 190 544
4 64 92
75 133 459
70 189 566
76 26 496
79 119 227
25 15 399
36 132 352
15 102 533
82 77 522
88 4 468
78 159 644
97 154 315
86 64 527
81 183 570
91 140 412
30 175 511
42 39 427
62 200 649
40 15 250
90 249 434
41 124 237
11 59 193
30 30 110
97 245 399
12 187 615
43 131 260
28 40 444
55 1 337
72 92 372
81 60 640
92 162 751
86 198 502
2 76 85
20 234 462
45 49 470
38 14 211
82 18 485
87 120 595
88 220 590
95 112 662
81 124 535
27 35 259
48 170 268
83 19 421
95 67 181
47 183 705
49 218 462
8 113 347
79 99 637
74 206 650
14 205 280
76 123 568
57 169 274
50 203 654
10 235 665
66 65 543
70 146 567
91 89 651
71 11 573
51 180 593
21 17 323
98 226 497
51 60 217
15 245 470
30 246 733
62 65 307
30 43 119
42 68 143
93 148 604
32 52 568
26 212 534
13 25 238
47 8 355
56 91 484
41 93 187
60 179 696
83 143 655
16 87 572
5 170 481
32 95 208
25 176 580
43 72 120
35 75 478
49 149 274
82 20 267
14 149 619
34 74 548
33 245 319
27 99 474
87 183 401
15 99 400
21 73 457
76 161 678
41 189 549
30 73 187
14 172 679
41 99 395
70 18 535
77 58 523
27 131 380
98 189 510
11 246 488
42 134 620
10 137 548
23 85 516
39 160 276
48 96 636
71 20 147
2 161 484
57 23 378
66 154 298
21 23 382
98 242 376
69 56 563
47 98 588
29 207 660
95 20 145
80 206 602
93 182 494
47 219 632
96 42 282
99 59 527
65 18 103
57 131 521
89 111 222
68 163 278
41 31 192
8 124 464
89 197 629
15 33 510
98 86 211
96 96 229
12 181 224
79 219 420
46 136 296
88 11 301
44 152 614
99 231 661
96 19 585
3 17 403
63 124 447
63 184 505
17 94 556
96 161 317
54 142 420
21 69 387
3 18 320
70 124 395
56 159 221
85 36 308
84 136 360
52 8 466
58 127 461
41 143 661
9 114 143
75 86 596
74 123 279
3 112 492
26 124 630
95 210 458
60 56 550
1 212 625
37 43 328
36 72 148
32 115 559
35 171 335
68 224 343
71 127 657
14 138 269
23 25 421
43 128 403
88 135 669
72 30 213
19 101 358
45 67 570
20 239 447
8 177 481
94 180 627
36 62 184
90 43 561
19 68 347
19 46 537
32 78 207
89 74 535
2 244 430
52 133 435
26 138 314
58 50 256
88 81 215
32 199 314
13 15 315
73 31 122
63 167 711
5 217 380
74 78 301
46 53 378
30 63 311
35 244 728
51 62 199
94 105 382
74 150 443
24 222 325
3 189 359
37 206 580
57 107 212
7 26 361
17 89 201
64 160 238
97 239 821
16 113 183
50 139 228
6 20 156
21 49 302
23 137 655
25 99 583
44 163 555
54 193 597
69 119 222
91 65 445
62 48 167
38 82 171
54 195 652
36 236 432
27 87 294
79 124 548
15 130 161
34 58 431
78 149 448
60 83 593
7 222 641
12 210 260
95 48 588
39 25 132
77 209 684
15 56 113
40 219 619
45 157 280
6 2 298
26 97 602
62 1 439
100 200 510
10 7 476
81 14 295
55 28 411
46 127 276
25 57 104
92 29 245
81 188 269
7 78 207
44 203 306
78 65 368
42 205 708
13 63 306
75 194 613
48 77 219
98 213 491
69 77 205
37 161 260
1 13 248
72 218 477
68 53 132
3 213 347
87 31 356
98 16 367
18 213 689
24 62 98
93 146 386
28 165 338
5 91 386
68 3 146
90 216 609
3 104 135
31 21 150
12 201 353
47 41 321
91 25 381
98 35 387
30 178 405
43 63 424
56 120 269
59 17 439
52 78 359
98 194 557
34 115 428
3 48 494
23 174 405
19 23 328
21 15 497
20 140 338
86 150 579
47 241 346
24 244 509
76 11 415
42 28 371
66 29 354
5 215 396
100 66 375
36 97 620
77 75 385
66 166 589
71 245 603
32 214 597
53 89 281
8 45 394
6 113 151
15 39 227
8 51 76
64 169 505
15 136 164
7 141 383
8 159 608
31 34 174
37 221 500
75 101 645
89 216 448
82 32 525
86 153 434
74 205 384
18 221 306
5 58 266
51 92 233
95 39 160
69 106 265
64 6 490
39 66 237
97 18 235
12 124 145
49 106 500
29 47 518
100 13 545
15 228 562
72 38 562
93 126 599
53 103 535
73 202 573
12 216 306
37 175 698
72 213 592
92 217 414
49 14 446
90 229 615
53 185 457
26 91 383
14 102 146
28 41 112
2 114 488
86 91 226
58 111 410
78 132 544
2 0 59
6 120 280
64 98 407
76 65 559
97 222 628
84 178 408
1 172 482
59 209 520
72 218 521
47 91 536
4 188 624
6 166 596
85 243 400
90 216 787
46 237 417
62 72 188
99 157 676
50 68 168
38 224 334
16 110 609
36 215 656
76 229 529
57 50 377
61 111 343
37 59 251
73 98 580
97 157 590
60 186 460
97 238 503
60 23 472
65 0 101
49 50 168
85 231 603
78 45 270
8 212 315
52 142 217
96 237 371
99 141 572
93 76 598
7 118 499
20 82 242
37 28 102
82 228 446
4 197 453
4 230 570
18 97 318
71 43 415
22 12 72
2 99 509
38 38 127
64 214 607
44 88 338
96 59 442
35 206 455
3 214 523
36 166 559
94 219 586
78 226 767
18 168 530
43 249 350
75 102 363
69 92 406
65 54 276
11 144 236
97 161 598
5 79 526
41 11 410
1 110 213
51 209 283
85 172 681
16 15 504
83 155 672
29 126 161
31 85 435
65 182 738
8 130 315
14 100 220
25 30 382
72 36 211
87 210 393
42 139 646
44 153 253
63 10 314
44 18 83
79 4 163
47 231 651
20 242 623
43 152 231
45 97 368
74 132 431
75 40 209
