150
18 16 130
5 36 181
25 15 47
11 51 132
7 5 29
15 20 62
13 50 98
27 61 105
5 68 156
4 52 150
30 63 152
3 15 158
3 11 88
17 25 106
4 31 144
18 46 138
28 11 61
20 74 222
14 3 35
15 27 106
19 16 79
13 10 37
10 38 128
11 26 126
9 43 112
29 43 207
26 30 77
27 18 89
14 54 86
20 52 126
10 24 149
3 61 180
6 16 128
26 54 146
20 33 102
8 19 125
15 21 70
21 65 114
22 12 121
10 0 58
12 10 67
4 22 76
16 25 77
8 54 132
30 13 117
22 12 179
20 34 172
15 40 105
17 7 121
25 34 133
5 26 113
19 39 204
16 13 44
13 70 224
2 32 99
15 19 112
5 51 69
11 5 104
4 68 178
29 0 68
20 17 172
13 29 187
16 37 153
3 13 57
25 31 189
21 50 191
29 2 32
30 66 100
8 40 65
16 29 151
19 21 159
11 66 168
15 9 56
9 70 126
26 27 182
9 31 96
1 41 127
2 66 182
2 43 98
30 13 104
25 52 110
23 56 171
9 71 213
6 16 76
24 56 93
24 58 83
11 49 199
4 45 130
24 61 193
6 33 124
18 38 100
27 42 148
9 28 66
17 52 141
10 58 97
25 53 158
7 22 35
17 34 74
17 38 94
23 26 143
9 24 175
21 22 66
13 41 66
13 15 65
11 18 134
19 7 89
18 10 172
15 56 86
24 14 68
8 63 130
18 23 47
28 66 158
28 46 202
4 69 134
19 6 75
27 44 95
7 46 143
8 16 123
8 29 58
17 28 59
29 53 85
7 5 87
3 40 162
23 14 111
7 63 126
27 8 61
9 11 116
23 36 85
21 53 92
30 7 183
17 39 65
20 74 147
5 20 36
11 11 116
7 72 171
27 49 139
24 72 127
29 30 102
20 57 202
24 12 97
13 10 45
29 54 147
29 17 135
29 65 151
23 61 126
21 10 109
7 20 145
4 18 85
19 38 125
2 55 137
