300
28 132 194
4 70 358
39 87 312
26 84 308
1 142 392
32 147 370
50 28 237
6 146 436
39 29 107
36 61 174
57 138 308
59 50 173
20 29 255
9 16 219
18 79 198
56 96 420
38 66 242
5 76 324
41 5 240
6 116 156
8 45 274
54 84 159
27 63 153
22 145 307
46 99 365
9 98 293
53 140 326
42 26 176
36 88 295
34 16 342
46 116 333
49 66 338
20 27 203
21 99 228
14 5 56
8 7 292
4 121 302
56 59 348
28 99 230
34 131 174
33 84 128
5 144 355
26 28 282
58 34 343
43 138 373
32 51 320
31 9 153
23 96 241
10 94 363
37 113 162
55 2 237
19 81 303
28 139 398
55 73 329
41 55 208
22 0 85
51 47 252
32 64 363
51 49 361
25 40 362
16 42 208
46 91 174
44 5 328
37 61 258
4 75 201
50 93 208
23 29 314
13 9 117
26 147 376
59 56 253
35 148 235
33 29 115
6 126 277
58 25 351
30 52 214
46 53 196
10 23 291
8 93 227
45 32 171
60 41 283
39 99 205
43 46 132
10 29 206
12 67 253
14 40 350
20 105 297
1 28 209
9 11 273
16 5 95
1 29 184
48 57 180
32 43 297
45 95 322
35 37 142
5 111 266
49 45 247
34 46 87
14 50 255
15 73 95
45 96 154
19 44 288
55 9 248
54 40 149
15 119 176
45 58 294
31 64 390
37 5 148
25 62 99
21 112 431
58 19 142
17 81 390
25 121 310
36 93 160
46 15 67
8 31 96
41 149 338
28 32 104
23 135 228
55 137 415
37 20 80
51 27 195
22 24 243
15 67 328
11 14 113
1 24 173
24 40 301
12 75 330
7 16 222
10 104 193
26 83 157
20 46 363
8 78 168
5 26 201
32 91 155
10 86 178
45 143 343
59 7 247
7 43 321
24 37 167
17 122 208
19 137 394
16 135 415
46 37 175
27 134 347
13 6 237
34 34 154
35 66 186
39 116 248
57 43 200
4 56 168
30 139 242
51 7 357
32 34 83
36 145 337
6 34 121
53 47 208
9 40 153
10 66 96
17 72 370
12 79 385
1 61 281
46 46 299
15 88 244
28 100 345
47 134 223
48 86 403
59 11 151
56 82 177
26 35 336
13 68 109
47 37 104
18 32 122
39 10 218
3 14 111
24 22 173
54 12 106
44 87 195
56 33 146
56 70 263
14 73 384
60 72 399
48 45 167
30 37 173
58 55 193
1 121 402
31 11 241
6 30 214
15 67 227
23 41 107
28 104 215
35 54 195
44 70 385
6 92 189
14 11 34
5 46 102
33 62 170
7 109 174
44 148 297
5 77 140
59 124 253
52 134 244
12 126 321
28 32 136
49 16 81
46 49 392
35 80 319
24 60 178
9 52 147
31 149 373
7 102 322
31 107 264
20 141 383
25 25 200
12 130 198
35 99 194
28 48 274
38 116 323
56 3 127
2 142 197
2 23 291
4 125 377
40 67 340
56 143 468
38 64 360
60 32 275
60 67 417
6 96 377
32 105 351
38 134 296
13 62 249
42 69 263
1 69 331
15 133 279
15 97 253
51 32 188
56 96 322
56 136 420
21 96 317
53 40 117
49 71 290
19 85 336
21 148 270
40 25 90
21 38 284
59 44 170
46 127 438
50 90 286
13 32 228
32 96 173
15 111 360
21 34 189
1 113 363
35 77 295
11 91 267
7 44 270
18 96 375
35 38 347
32 108 172
55 134 352
55 124 408
22 108 173
31 137 197
26 48 276
28 120 346
16 93 117
46 10 294
42 105 226
8 46 89
49 123 196
2 50 129
58 6 106
4 135 195
29 83 360
35 110 374
38 134 180
17 86 260
55 14 140
9 138 424
15 31 55
16 73 190
5 69 197
14 50 68
8 55 220
44 25 319
13 78 133
1 15 100
10 42 121
38 33 223
17 12 90
31 10 55
47 5 304
8 68 218
34 24 109
9 98 297
3 72 185
27 133 330
50 80 231
42 87 410
35 95 298
8 101 369
