350
2 18 116
15 72 357
19 38 405
59 105 365
56 109 417
19 94 200
11 150 505
14 12 51
31 120 307
31 84 357
68 119 221
58 78 453
64 52 443
38 79 267
15 69 242
13 134 412
53 112 262
25 152 185
17 104 332
11 151 501
67 110 314
1 0 339
1 9 289
50 48 214
69 70 405
15 2 216
67 84 164
56 100 479
42 15 305
64 3 333
40 16 383
63 165 389
43 168 356
68 35 116
70 50 326
39 105 163
40 69 187
53 58 375
65 107 425
52 166 391
2 111 425
39 13 266
60 125 358
11 163 205
65 102 254
13 88 273
8 113 441
63 27 190
53 69 338
62 64 243
67 34 343
13 0 276
52 151 476
13 123 228
53 20 105
34 172 426
33 163 213
65 153 219
70 124 315
6 94 430
27 162 513
1 129 337
53 128 396
49 95 377
26 5 45
48 29 101
32 157 484
37 164 537
39 36 151
47 144 357
46 169 509
42 147 375
44 105 386
45 7 128
33 111 219
2 7 36
33 118 440
53 157 495
27 82 219
6 153 505
23 32 108
13 16 291
55 40 358
70 73 268
67 95 274
13 128 488
32 80 414
40 138 221
56 32 185
44 154 356
56 40 326
57 146 381
54 73 148
20 159 213
17 12 140
51 152 450
64 163 542
31 111 266
10 142 451
6 156 191
58 82 315
40 154 445
38 26 187
48 49 383
31 31 333
48 37 275
64 160 515
30 22 91
20 37 373
30 47 245
31 0 107
34 121 481
28 112 325
3 23 370
49 102 377
46 30 355
63 3 322
19 79 272
32 129 336
20 49 381
51 52 178
33 14 334
29 150 449
61 133 314
27 53 189
59 38 242
18 76 438
68 169 298
16 18 153
49 3 278
63 154 427
8 33 100
23 155 527
26 137 391
23 80 354
51 59 193
22 36 231
26 135 186
57 86 284
16 117 277
13 168 504
10 169 297
40 118 388
6 163 387
22 170 483
8 101 122
49 13 306
29 42 85
45 118 327
25 121 423
56 27 105
45 155 353
68 86 247
66 140 372
3 166 338
55 47 108
50 126 231
33 51 379
38 24 79
61 123 233
8 146 168
24 16 384
66 100 245
10 99 281
56 17 237
70 5 295
35 104 478
55 105 409
26 67 154
59 95 326
50 132 416
47 122 332
11 129 412
19 76 125
29 102 467
16 22 66
37 173 501
29 140 177
30 38 297
9 69 227
43 73 430
13 26 131
38 22 293
46 56 413
63 148 300
22 167 369
18 155 489
4 103 358
33 13 170
2 24 98
35 136 230
14 79 95
52 70 433
29 156 317
54 50 449
51 111 368
57 19 364
25 5 208
54 111 438
39 84 337
63 105 377
61 148 432
38 21 375
60 14 145
20 114 344
45 71 263
19 81 443
36 163 500
65 144 340
16 116 335
60 134 368
5 42 393
44 133 483
9 72 237
7 35 221
31 116 217
36 81 406
41 160 316
48 142 267
14 14 46
48 70 150
2 141 330
40 108 275
14 78 318
62 153 416
59 51 252
67 100 308
62 153 491
26 31 258
56 79 173
51 119 517
21 129 354
1 146 213
11 75 386
3 135 339
51 103 483
13 96 124
57 80 269
8 157 180
60 105 332
17 74 214
25 52 260
44 15 61
47 113 234
19 165 190
49 171 460
56 153 285
17 78 200
27 117 230
14 174 327
62 170 381
53 22 214
51 164 522
53 170 495
4 97 229
66 60 408
61 30 261
15 56 385
42 74 258
33 74 298
10 144 408
46 50 415
10 32 275
3 146 172
1 18 133
11 134 261
42 6 299
42 60 294
12 11 105
8 57 285
34 64 281
4 86 175
23 49 248
49 143 486
45 42 183
18 170 325
9 77 198
33 170 441
39 48 385
28 165 483
67 146 428
18 142 430
18 23 84
34 31 266
6 120 390
65 39 407
33 71 221
53 14 140
63 136 438
18 105 214
65 14 79
60 68 187
37 35 282
6 3 319
32 130 177
69 123 350
64 3 95
68 22 337
35 91 194
3 172 232
59 50 417
45 140 187
68 131 493
25 102 369
48 31 388
24 92 317
14 36 187
9 134 217
30 94 283
38 78 273
6 13 139
27 14 318
10 159 418
27 116 171
35 50 201
41 15 257
41 170 448
35 130 345
10 79 432
50 51 205
20 97 159
47 88 183
54 112 478
3 150 283
28 92 210
65 91 354
9 8 293
40 69 284
50 50 265
7 39 200
45 131 383
24 134 207
5 164 456
20 27 147
18 101 342
10 0 148
53 92 238
45 61 176
8 155 398
1 140 447
49 39 114
52 78 424
9 42 364
62 131 509
32 169 259
10 26 159
61 44 433
13 17 126
15 123 171
14 122 172
