400
33 169 259
3 85 371
46 83 238
39 6 207
51 98 383
1 188 580
69 162 454
54 26 465
38 118 420
72 71 488
38 139 258
44 101 292
26 142 314
38 95 426
58 8 290
9 21 267
58 193 296
18 104 395
62 84 274
72 111 478
3 146 402
8 190 568
36 43 134
53 111 502
51 50 497
22 178 216
5 91 412
47 34 133
43 75 290
2 136 140
12 34 266
36 63 172
60 163 409
52 165 605
37 45 371
32 4 336
16 52 444
60 90 324
67 198 323
34 22 421
28 37 392
21 147 253
67 73 301
49 74 192
78 115 392
9 41 185
19 180 455
51 70 317
77 196 340
34 50 302
31 167 590
13 41 324
80 193 625
45 102 220
43 123 272
65 147 599
65 155 365
57 82 532
26 66 460
31 86 390
75 55 398
22 68 253
32 143 490
59 173 599
18 133 196
63 68 355
79 53 224
79 130 528
45 17 323
79 114 523
69 95 359
55 95 180
45 56 239
16 31 60
1 150 263
72 144 492
4 122 412
65 112 432
24 191 442
17 30 117
13 41 119
23 166 565
73 149 488
59 28 162
14 146 501
57 196 602
4 20 31
71 110 425
75 60 188
41 72 232
45 13 218
46 104 269
38 189 269
7 47 196
52 196 335
49 33 474
14 98 195
52 41 208
34 15 70
74 14 116
27 175 561
41 63 174
38 91 317
55 168 460
53 118 452
34 171 240
10 163 183
73 15 298
15 96 424
64 2 85
61 134 358
4 141 465
4 95 187
56 112 354
79 171 424
80 37 378
23 4 134
2 178 304
23 75 405
30 191 565
6 23 200
57 48 472
7 28 113
53 26 247
27 184 399
56 45 419
68 153 259
49 129 500
76 160 509
13 162 400
56 12 220
20 38 183
17 44 448
31 43 129
2 51 65
32 158 528
33 25 102
14 70 225
58 164 398
56 105 334
47 153 222
79 45 287
64 75 490
59 96 177
13 26 104
77 101 529
65 198 481
20 86 159
65 100 447
67 103 506
42 71 365
51 118 521
33 82 400
32 5 360
10 149 396
6 153 218
52 185 320
70 162 449
60 138 338
80 180 348
76 151 304
26 19 422
48 26 317
69 169 545
41 86 525
53 19 260
17 125 434
29 147 276
29 12 383
12 196 275
18 119 212
77 30 179
62 186 278
11 108 229
9 5 195
12 10 229
33 146 187
79 126 414
78 23 358
17 108 361
3 113 268
67 10 293
40 144 309
23 57 418
67 193 439
69 94 350
10 165 409
67 86 407
26 181 525
12 117 226
49 48 374
46 67 270
40 70 403
67 18 301
44 182 623
66 19 351
10 72 252
44 135 490
69 44 147
49 91 527
32 63 356
47 59 179
17 38 297
21 20 185
66 56 158
39 133 390
80 186 355
50 23 77
76 29 278
46 62 491
78 104 446
75 134 210
34 90 204
6 7 382
69 120 506
6 179 354
36 49 320
32 83 389
9 65 293
41 95 476
74 158 464
20 156 425
47 130 489
62 77 183
26 130 389
46 16 374
33 166 509
52 46 306
8 195 477
54 75 281
69 142 550
57 79 211
23 170 478
33 104 470
8 197 350
9 9 35
8 19 368
33 77 238
37 152 468
12 98 153
39 3 144
79 71 177
40 191 389
16 47 186
25 30 328
50 57 456
27 106 399
56 182 383
66 94 524
72 128 554
72 163 255
40 122 275
35 6 401
78 29 421
21 176 547
19 108 193
78 168 627
51 65 452
42 16 255
69 77 272
4 16 226
50 73 479
9 108 513
2 142 410
57 145 401
21 18 376
2 185 387
29 179 526
2 63 294
43 36 331
4 165 386
68 145 338
77 72 532
4 96 316
2 48 231
46 53 362
3 80 188
49 7 327
4 184 307
31 182 267
27 163 569
76 7 380
38 117 452
57 91 419
31 93 294
14 51 296
24 0 281
52 45 381
13 73 358
28 46 223
3 44 189
68 192 577
13 27 304
10 147 237
5 45 78
69 38 108
69 192 545
54 184 388
34 27 418
66 142 233
44 129 320
39 82 478
62 53 250
47 118 195
32 40 266
33 68 299
42 75 495
18 48 315
32 93 354
18 178 403
74 84 176
11 80 448
19 50 249
61 133 196
78 84 203
64 140 441
76 84 225
12 175 252
34 95 235
61 184 368
20 157 290
18 111 303
65 84 518
58 75 418
62 95 309
24 51 205
64 13 205
78 175 614
34 50 100
41 136 403
63 68 342
45 49 152
79 102 350
33 39 445
13 130 364
70 167 424
38 164 592
26 81 456
30 124 451
41 40 93
29 199 553
58 114 395
61 70 470
22 64 169
75 80 333
38 24 111
30 8 106
52 76 370
53 178 392
16 178 449
13 189 585
75 166 353
63 21 483
19 30 271
6 59 194
68 177 457
10 101 251
17 147 347
53 35 433
59 107 414
58 172 529
56 67 362
51 10 142
25 152 502
12 22 336
18 27 366
49 181 241
16 77 352
54 78 412
17 109 460
10 189 261
16 132 433
44 109 178
15 165 575
54 120 294
34 24 101
15 14 56
73 17 93
66 129 538
17 89 275
79 67 225
65 55 399
12 66 277
68 93 434
12 169 287
72 148 235
55 121 220
1 66 180
10 24 263
8 139 354
2 49 417
13 128 386
77 72 176
48 14 277
60 149 368
65 28 337
7 2 346
35 44 134
80 25 414
46 51 100
