150
16 144 619
2 160 384
21 24 144
1 8 297
29 188 479
46 158 241
49 177 615
1 84 218
21 211 261
19 140 348
33 156 420
29 115 246
33 48 199
12 96 222
37 202 406
11 27 160
4 174 531
22 97 336
36 142 412
27 102 255
35 164 305
26 24 515
22 13 230
14 95 298
9 199 381
14 127 362
14 70 512
24 209 612
3 58 100
44 141 352
49 57 563
49 212 307
47 63 173
7 97 479
44 56 244
18 175 217
20 191 248
34 48 106
25 43 479
23 164 373
27 160 426
20 209 288
49 199 448
18 9 312
15 69 327
10 176 484
47 2 324
32 15 355
47 96 160
27 137 521
40 94 503
40 2 171
31 188 417
9 114 299
17 144 417
10 20 33
15 160 527
39 220 370
4 150 245
9 29 71
23 26 377
12 24 343
31 175 584
33 65 420
15 91 350
2 226 679
33 82 178
37 123 241
21 117 332
49 180 476
38 136 553
34 191 305
18 199 671
36 172 317
14 142 234
36 200 422
29 185 638
47 92 273
41 88 315
7 8 71
41 194 521
28 150 419
9 30 171
19 94 297
11 148 253
13 104 136
3 70 102
41 10 211
49 25 335
3 220 646
4 120 418
35 14 54
15 105 318
18 166 203
44 157 463
35 218 474
35 148 617
21 87 495
37 27 125
29 217 691
8 223 310
10 203 217
43 185 691
23 75 359
38 41 283
43 150 591
47 116 324
21 47 304
23 84 406
18 229 250
46 114 204
31 153 273
1 52 488
16 46 303
3 183 194
37 47 331
38 77 271
12 25 473
45 58 110
9 193 465
7 217 354
15 159 448
26 228 546
36 163 258
39 5 477
23 134 375
44 89 244
43 9 257
32 80 373
17 221 413
31 0 390
49 191 422
32 103 484
31 214 248
8 58 258
30 11 49
48 102 377
16 51 101
10 92 413
1 218 464
1 73 276
33 135 260
39 100 376
8 207 533
45 27 489
39 13 396
24 186 588
37 218 682
47 48 238
43 194 676
