250
36 53 287
10 51 686
24 320 408
32 294 526
15 113 289
14 186 521
38 110 538
17 322 467
10 343 1047
9 312 469
12 188 966
38 121 424
46 85 812
17 102 585
43 379 670
6 67 489
8 179 554
1 368 995
25 326 487
43 174 662
5 355 474
13 258 380
25 163 571
27 104 835
46 55 592
19 303 987
18 67 706
49 388 686
49 188 406
2 317 939
5 28 606
38 33 464
26 321 907
20 96 644
48 217 373
18 255 612
44 184 912
49 78 456
11 117 205
1 240 788
45 145 871
44 174 303
30 217 314
10 235 645
45 203 751
22 35 311
35 263 1052
22 117 320
26 300 668
25 243 456
32 305 921
48 123 870
14 272 694
34 53 549
22 279 457
1 159 225
35 174 589
18 355 891
25 152 679
28 264 686
24 242 743
12 309 685
1 13 458
11 104 371
1 229 956
25 92 325
15 367 1041
44 218 311
12 121 896
7 276 406
6 225 585
31 302 948
18 301 487
3 82 410
20 141 239
44 388 944
42 322 1006
19 17 429
36 385 1171
18 249 292
12 107 282
27 235 721
6 131 515
34 335 1040
2 216 388
23 164 668
11 243 337
44 153 398
2 177 587
40 163 927
2 283 770
26 276 411
41 271 650
21 189 379
7 307 346
6 365 978
44 292 745
38 154 899
3 351 838
4 209 476
20 282 360
41 82 518
6 233 869
30 205 906
6 248 590
29 131 878
39 74 218
19 300 865
48 263 339
47 130 921
28 280 933
5 225 699
27 173 488
9 113 703
1 14 707
15 174 778
48 26 579
28 314 944
25 354 495
15 108 863
5 300 1017
12 75 121
48 325 1075
33 348 975
18 294 839
7 31 502
28 61 150
17 79 560
44 112 172
24 200 706
28 155 308
44 355 1076
43 218 834
13 30 544
33 66 589
35 272 566
18 291 887
19 201 289
3 311 977
45 51 872
26 223 611
20 256 280
22 271 702
17 80 254
15 34 563
22 186 384
27 345 385
27 278 621
38 171 394
48 286 845
42 226 397
14 197 949
4 82 160
8 158 871
31 324 593
34 52 230
19 161 439
46 293 435
31 60 776
3 328 1006
22 156 629
8 361 859
33 180 441
23 52 457
20 256 888
24 307 575
25 116 578
28 380 1093
49 54 363
27 119 609
15 312 570
17 271 802
6 377 479
4 103 566
14 328 1070
29 43 140
8 243 715
27 182 481
20 56 359
3 386 544
2 270 876
37 149 569
42 261 836
34 71 615
46 259 424
36 238 698
15 165 273
19 153 258
21 86 236
43 344 990
29 363 483
1 259 550
37 116 810
1 194 624
48 240 443
32 30 818
43 259 678
23 217 946
36 155 403
39 124 693
33 122 918
43 388 1178
31 236 780
49 102 555
24 304 370
16 337 806
46 276 760
30 25 254
10 248 751
29 58 131
32 330 767
22 130 910
46 229 689
27 297 351
13 45 100
40 119 872
21 132 676
2 323 513
13 234 587
26 3 422
5 159 449
33 348 701
37 154 734
8 218 880
10 142 599
22 303 389
33 47 84
30 35 175
8 22 273
27 163 900
10 71 704
2 349 777
19 56 482
42 143 289
9 319 599
9 141 355
37 330 633
4 264 996
9 278 312
43 81 671
26 81 643
28 197 681
29 235 543
2 200 294
6 355 863
46 72 496
45 93 581
40 338 1045
19 333 562
3 3 402
