300
7 312 1116
16 332 1239
48 438 669
30 407 1012
8 436 746
19 234 1144
18 50 472
6 356 664
45 260 753
23 170 705
49 140 888
30 230 773
19 440 1248
33 235 1073
30 348 649
6 359 765
29 412 674
9 464 1367
25 287 963
17 66 752
34 217 321
40 325 407
43 295 1162
47 59 672
31 161 446
36 22 160
46 432 1175
47 115 297
11 170 921
36 1 119
42 136 491
6 69 381
40 134 1085
49 41 623
20 214 329
43 356 1011
15 160 381
47 428 556
38 304 1210
34 127 832
28 61 941
13 382 458
23 115 915
49 383 1110
39 354 620
6 97 212
14 423 668
9 330 663
34 368 1080
47 13 981
37 13 374
30 132 567
44 17 928
36 348 896
18 367 926
13 395 455
41 89 445
4 234 788
14 17 924
35 374 417
15 462 1217
6 78 118
4 295 552
41 425 1011
41 140 589
37 196 517
29 95 1014
12 182 699
43 426 1242
49 285 1135
30 386 1280
12 393 756
7 271 722
17 65 797
18 85 1023
41 289 871
25 140 926
19 30 767
22 126 621
45 124 471
36 179 476
35 431 1256
8 109 528
43 57 950
22 410 589
20 33 743
44 341 647
43 423 875
26 409 836
36 267 708
43 353 1085
11 461 1359
39 271 1189
8 18 72
29 125 622
14 325 836
28 297 370
37 80 563
37 292 832
36 173 365
24 449 1235
36 457 921
32 386 1077
35 411 794
4 180 908
48 307 865
27 423 814
37 409 526
41 127 527
49 53 756
35 276 860
38 463 1057
45 220 631
21 392 1175
38 166 259
43 178 373
11 191 1064
6 141 296
42 195 1067
30 12 255
24 386 474
35 207 560
34 34 261
23 58 909
15 64 298
41 148 456
37 351 821
21 152 873
29 331 557
36 411 1179
1 110 657
44 311 1253
47 205 825
10 401 981
46 459 952
32 285 957
5 146 703
49 28 366
16 166 342
4 131 969
7 194 352
24 236 871
29 77 944
47 198 380
45 315 708
7 263 580
24 311 472
13 380 453
26 369 1068
10 97 636
15 433 776
47 84 957
33 44 130
48 297 840
23 413 453
35 220 1119
26 182 249
10 114 567
33 88 726
25 237 319
19 156 673
2 255 960
29 183 924
24 253 1200
32 33 179
39 10 848
6 283 1088
20 191 767
47 421 812
35 163 1001
28 43 728
38 83 641
29 118 192
8 390 502
45 467 1362
46 76 300
9 55 545
29 308 1102
19 463 951
15 152 281
23 440 950
4 155 215
40 40 446
35 116 986
47 332 1190
12 179 584
39 185 1072
30 166 1085
10 375 867
10 203 746
38 59 501
10 338 822
25 356 755
25 132 497
40 98 977
37 119 740
41 393 906
24 268 1099
11 165 207
34 301 688
49 456 1246
23 303 581
23 7 388
36 250 496
3 66 105
4 445 972
29 9 403
25 351 553
17 341 821
27 236 764
35 301 1073
7 74 641
13 279 690
29 47 245
12 393 674
7 204 818
6 126 367
30 326 498
45 353 1044
18 19 923
30 102 745
49 264 756
33 175 1026
44 67 908
16 238 541
42 100 622
43 369 422
42 51 796
6 308 396
20 80 950
14 305 676
35 11 611
5 393 877
23 280 927
13 264 859
5 65 622
25 444 1377
36 193 614
29 244 448
15 452 750
19 229 1097
4 5 573
5 376 961
25 248 1086
31 194 599
27 358 1230
15 45 878
27 175 483
39 277 410
40 267 1209
7 437 735
30 409 1170
16 201 483
37 142 750
29 146 1026
8 51 888
35 381 565
19 124 300
35 422 984
39 274 1133
8 70 147
26 21 755
49 430 603
29 446 1105
9 362 497
12 65 843
11 42 171
4 101 531
3 180 611
5 5 316
21 46 481
29 379 453
3 119 973
13 212 1036
26 440 783
2 460 1054
1 92 565
23 111 390
8 207 1051
7 57 342
21 156 324
39 155 217
12 73 569
33 238 1029
24 172 680
7 2 822
10 88 363
6 451 1188
2 268 1042
32 3 346
44 194 1003
18 406 1007
33 277 801
39 419 1282
45 431 686
7 110 837
39 421 549
3 274 472
37 382 554
25 367 1131
