350
1 10 345
32 429 1136
5 487 1026
9 500 753
11 3 105
43 82 431
28 313 749
1 430 497
38 290 1321
18 141 205
32 238 1259
18 168 666
1 150 1145
12 441 548
8 409 639
8 519 1122
36 311 882
23 503 603
48 71 504
26 515 1106
28 474 1294
45 409 1009
44 533 1256
24 309 774
32 264 343
23 102 699
9 145 469
37 320 547
18 422 544
44 541 759
17 292 316
4 341 963
31 443 1376
41 450 915
45 367 1363
33 226 743
5 53 144
7 426 758
13 3 976
9 296 1015
48 197 640
25 422 1539
6 470 1513
14 426 563
25 435 617
14 451 721
17 369 435
4 313 352
18 458 1457
46 418 760
18 38 830
4 209 1200
25 412 453
34 263 656
10 122 502
1 49 689
16 353 595
5 464 1163
16 105 575
37 535 781
11 357 1102
21 446 813
4 175 681
32 492 687
4 71 761
15 521 1152
25 192 608
19 501 1362
39 145 1193
6 229 801
16 300 627
7 369 1047
32 118 324
9 402 1242
18 247 1130
7 65 382
21 443 1527
6 75 241
44 430 840
43 166 355
20 216 1133
47 374 859
31 317 636
15 443 566
6 358 547
17 257 351
37 208 439
41 491 1288
12 292 713
15 376 818
6 11 294
44 514 1288
2 382 391
7 377 1311
21 141 545
38 250 1223
13 539 601
4 399 695
3 159 969
48 494 763
6 208 776
20 423 746
49 82 246
32 195 406
16 414 496
43 325 1262
46 473 1384
8 273 580
37 178 299
10 279 620
38 19 1113
10 34 62
8 11 934
29 477 702
44 241 457
49 245 335
20 25 91
8 15 477
25 23 739
43 400 480
3 380 1283
18 325 563
5 409 636
28 346 1172
39 112 1109
48 466 1352
9 260 1046
33 360 1144
6 503 713
16 57 327
37 138 861
47 416 1501
39 181 1286
21 457 1324
17 265 776
1 233 983
8 308 1278
9 537 976
44 386 490
8 542 1618
5 481 1363
8 523 1051
47 195 286
32 269 407
20 475 796
22 520 1035
28 189 1217
17 283 549
47 539 641
23 171 639
31 250 543
8 238 310
19 403 1069
17 512 1537
10 144 791
6 81 712
16 39 672
32 45 1008
33 325 584
10 281 428
3 91 163
40 167 708
27 180 1084
39 188 827
8 385 571
36 19 1051
43 325 923
41 367 1140
16 57 391
17 491 733
40 401 1437
10 68 210
11 112 839
11 50 385
29 168 794
27 239 1246
10 420 690
14 302 699
32 272 742
29 235 326
22 318 679
45 120 718
37 410 883
48 186 317
16 70 614
36 469 580
31 186 1266
48 394 744
28 514 1199
34 406 1228
32 448 1047
13 31 678
3 151 731
31 387 1464
41 363 1456
30 392 1342
14 206 1284
30 129 293
47 132 871
14 250 593
11 29 156
42 521 1512
48 328 505
1 392 550
29 77 809
42 114 558
18 451 1018
10 462 502
21 451 974
38 123 446
49 293 1052
42 537 819
1 519 531
20 532 978
37 94 281
31 312 584
2 212 406
46 381 1070
40 36 756
16 475 1338
8 48 582
7 375 1324
13 455 1050
36 457 610
21 444 961
32 347 1173
7 234 497
32 443 477
42 496 673
7 92 564
34 408 1449
19 431 556
27 338 517
5 198 747
28 489 1006
43 32 406
11 416 1246
2 36 462
3 268 808
42 212 516
9 406 1421
37 17 446
2 236 1033
37 287 1204
38 359 906
21 299 857
27 108 852
4 461 637
38 142 1027
16 191 424
34 318 1033
2 82 267
49 310 1008
4 359 634
42 202 1334
11 359 467
13 77 1021
23 232 949
26 162 475
23 36 285
5 335 1069
6 130 1002
35 350 1151
2 391 646
13 320 1091
46 121 925
32 369 1107
15 335 1026
2 40 326
41 516 1226
5 505 832
16 99 822
38 238 790
26 442 1070
45 201 591
32 82 541
35 496 1327
17 183 211
49 107 665
41 55 467
10 110 1178
43 286 464
41 125 513
11 218 619
2 219 1172
6 362 661
25 203 468
25 537 1619
26 12 308
14 373 1401
31 359 1175
42 84 245
36 323 459
14 521 1014
48 214 467
12 50 898
41 506 585
2 14 835
33 335 1300
21 123 946
37 527 1139
12 462 1384
7 181 798
22 202 522
35 298 1333
32 494 529
48 533 1265
4 507 1216
29 8 350
43 318 1047
32 368 721
2 477 828
33 502 721
2 74 548
1 228 499
23 346 507
20 202 1134
31 308 998
29 382 839
6 287 1364
47 133 827
31 378 542
26 103 492
17 306 643
23 100 889
34 349 520
47 496 915
7 521 1253
32 182 799
9 160 854
35 176 583
27 245 648
43 94 406
21 9 525
37 191 633
25 476 970
29 123 665
16 173 585
38 195 319
42 228 460
49 35 636
48 522 1578
46 357 513
34 529 1317
24 469 969
28 229 939
16 184 696
18 334 369
9 15 698
7 385 933
