150
65 15 83
36 40 76
6 9 18
23 64 109
7 26 41
62 20 98
25 16 52
114 52 208
11 66 98
132 12 170
49 17 67
70 40 132
64 55 123
97 72 193
140 18 200
138 25 199
121 23 161
35 3 45
149 25 175
63 31 105
129 7 167
92 73 191
82 23 127
104 13 126
61 1 74
33 30 68
42 46 112
97 9 116
119 29 190
131 6 145
125 64 202
106 139 262
86 36 145
105 94 222
112 8 121
132 4 162
78 10 101
107 5 124
64 10 75
23 5 37
43 21 76
28 4 50
84 4 107
21 58 97
125 95 229
78 40 155
64 62 166
55 87 162
97 14 119
48 32 90
26 5 38
50 51 126
27 17 60
55 21 94
65 18 112
62 5 75
135 47 193
19 51 94
143 70 232
41 132 202
141 9 188
70 8 80
24 9 33
31 121 154
89 124 226
37 19 81
89 65 203
89 8 102
149 55 245
72 29 107
4 69 94
75 23 127
69 44 121
36 31 87
104 33 177
108 21 166
5 40 45
116 61 226
127 105 300
49 15 91
2 8 22
104 117 256
14 121 183
130 22 176
44 13 75
145 97 320
44 9 64
109 20 151
100 24 146
121 28 184
9 33 72
32 16 73
150 101 264
85 6 135
77 21 118
119 10 141
5 17 45
14 7 36
5 61 106
18 130 153
91 1 105
91 34 165
30 43 86
35 31 71
51 6 63
12 35 82
37 66 122
4 119 133
123 30 195
134 34 170
142 42 193
26 74 108
112 27 163
33 12 53
45 42 137
39 50 119
35 4 72
43 6 76
116 9 153
7 5 26
127 12 143
120 30 207
48 31 98
51 14 76
33 28 87
138 14 181
33 5 61
122 62 256
137 117 267
87 2 142
71 8 112
31 4 76
113 25 170
125 36 181
63 83 152
64 41 146
85 28 166
92 38 178
97 21 141
100 45 156
91 39 197
140 67 247
26 12 81
92 15 159
138 17 166
103 9 115
27 16 64
108 40 187
77 23 100
102 43 177
