350
223 46 290
237 37 282
85 15 110
130 8 155
77 151 230
250 34 288
273 79 403
277 12 313
220 31 308
347 9 383
337 31 369
276 136 465
231 128 381
118 34 165
226 69 355
350 98 484
19 146 170
84 92 217
6 36 45
113 53 178
197 5 240
168 23 195
261 86 355
148 301 521
254 23 315
319 16 411
261 68 350
247 201 532
53 18 72
96 60 193
165 75 266
247 24 292
123 193 345
160 170 330
197 58 317
30 12 48
161 3 200
110 39 186
51 308 383
327 30 439
297 242 646
173 10 195
248 41 303
204 69 311
116 18 149
287 86 473
92 8 111
349 34 429
1 65 71
344 72 474
6 47 53
313 109 502
168 142 335
17 99 122
275 124 431
13 16 35
67 103 174
257 199 527
296 45 437
80 17 121
156 173 336
350 36 391
187 5 196
256 58 350
207 73 346
147 65 235
196 35 238
207 217 509
44 30 89
81 9 122
90 6 123
15 6 41
46 62 150
139 70 252
108 33 186
284 68 369
314 127 473
114 23 187
70 142 276
11 122 163
251 18 330
247 9 331
88 53 160
229 63 307
287 34 321
189 54 244
304 77 486
231 37 312
82 58 155
103 55 198
187 93 361
180 154 394
44 170 240
78 72 159
192 50 314
233 16 277
296 10 348
66 59 147
244 71 353
107 21 145
12 116 171
66 126 218
263 233 608
41 38 87
85 174 298
19 131 175
108 39 183
294 85 435
59 72 138
231 168 407
250 279 613
101 157 330
275 240 594
188 8 232
324 4 415
70 3 91
296 61 383
96 31 173
286 70 416
124 71 216
74 333 429
90 297 405
304 39 383
105 21 136
198 123 340
322 101 491
46 16 73
291 60 423
6 31 58
91 63 169
239 3 258
230 347 588
57 39 119
17 22 57
3 38 53
134 87 290
202 114 421
8 50 88
244 53 324
118 22 192
263 19 328
196 42 301
265 66 346
348 56 465
20 66 112
345 169 607
273 60 375
108 119 276
317 314 810
265 28 367
52 7 74
296 21 368
212 2 242
2 45 85
177 299 497
199 12 269
32 106 192
163 159 392
63 281 424
173 46 289
230 4 321
289 50 397
79 48 190
96 108 218
131 52 222
242 87 419
49 8 71
305 2 326
42 16 60
297 2 369
208 4 281
300 40 412
303 24 437
300 98 481
18 47 101
140 20 202
238 30 297
247 167 510
49 253 324
69 86 172
37 99 163
181 147 429
340 132 631
4 20 71
280 73 370
199 81 314
147 174 414
312 62 506
324 160 491
102 56 176
248 11 348
329 19 390
10 15 71
251 51 333
154 1 164
196 123 410
98 84 235
67 25 126
41 65 142
110 91 255
199 14 278
12 30 102
132 33 222
87 52 139
322 83 416
105 9 133
254 171 442
154 229 467
23 1 80
133 69 228
116 27 156
278 3 395
238 40 385
203 89 349
64 7 132
200 72 311
121 144 328
289 130 438
111 95 228
169 130 383
297 24 364
259 259 633
334 34 403
331 81 524
273 94 370
344 160 627
28 329 462
136 26 248
337 106 548
17 118 151
226 149 378
46 44 168
162 81 271
79 6 154
5 111 156
24 32 58
223 62 366
332 19 462
302 40 359
251 27 302
253 191 542
62 161 267
179 179 358
152 41 229
281 31 335
199 31 264
269 24 345
339 145 537
213 56 296
298 16 324
223 6 272
88 115 275
34 13 99
205 79 356
128 26 252
113 71 191
295 114 559
150 34 196
110 40 250
125 33 211
117 56 210
172 40 242
332 86 506
260 50 406
156 137 426
257 316 594
24 35 71
225 3 233
317 38 480
294 45 429
287 64 409
32 44 131
11 54 92
182 106 399
64 54 162
264 20 406
143 45 198
119 100 252
31 143 215
241 120 453
294 37 444
19 15 37
145 84 278
26 57 169
200 42 328
4 12 44
63 17 121
28 41 125
297 19 368
83 139 324
268 38 381
222 234 568
23 6 41
144 7 178
14 13 52
105 175 309
97 338 602
201 166 418
170 172 441
63 109 284
312 81 467
300 15 445
342 22 520
102 96 255
333 153 643
139 24 228
100 16 177
267 267 604
24 24 83
177 268 509
129 39 195
157 71 309
66 311 483
282 80 424
231 57 407
281 150 516
169 15 264
93 31 199
168 7 223
135 54 262
10 239 373
56 21 133
322 64 506
67 78 146
131 41 236
81 71 165
62 303 503
153 76 255
116 39 180
123 147 420
311 232 704
220 57 388
79 3 143
123 13 168
137 70 276
147 105 271
59 40 113
98 42 259
292 4 339
136 20 238
227 52 341
184 58 345
347 116 482
300 325 754
281 17 333
279 67 463
151 60 306
50 93 262
252 33 413
303 281 788
