400
101 49 155
105 172 306
51 319 378
27 19 53
198 1 233
162 52 269
169 15 222
19 151 185
383 45 537
258 43 364
242 71 366
57 64 134
227 78 336
53 374 475
361 36 443
166 44 252
273 140 511
326 182 606
32 79 127
365 75 450
263 53 364
97 184 310
297 170 473
194 22 239
367 88 550
211 58 333
10 96 139
30 9 45
1 3 5
389 73 469
100 110 219
88 138 249
98 44 151
172 170 435
264 278 566
396 6 440
211 50 318
130 25 173
382 61 516
230 76 351
176 12 243
23 130 181
243 99 371
230 388 768
69 363 460
352 48 443
171 94 280
354 12 423
378 71 463
65 344 457
319 205 644
73 45 153
165 46 213
220 13 304
383 96 608
8 44 72
147 165 370
341 125 512
58 156 274
342 20 426
272 16 309
94 73 190
40 89 176
149 90 306
91 34 132
262 40 393
220 3 223
6 3 11
353 14 431
70 34 136
107 61 187
236 76 394
141 183 341
265 319 685
90 23 117
51 43 123
230 76 383
175 37 263
245 20 318
243 145 498
131 94 247
201 49 304
365 9 418
241 64 394
291 60 388
364 29 463
105 315 504
126 95 278
321 91 468
323 385 898
172 113 371
238 128 449
35 282 375
360 217 617
334 45 449
56 18 74
145 26 188
157 76 251
333 95 451
4 278 322
158 287 445
378 20 417
184 44 234
290 24 417
311 128 534
363 388 919
31 326 426
358 18 492
30 155 205
212 18 310
371 30 461
272 100 471
221 116 366
118 89 284
137 311 448
23 58 85
253 33 294
91 113 236
236 274 654
346 61 528
381 75 546
9 41 70
29 55 104
299 189 570
164 122 360
136 107 248
189 301 582
192 42 252
306 369 785
141 6 187
343 16 414
107 160 291
340 201 573
72 99 184
43 181 295
194 61 332
216 8 291
395 38 470
137 18 200
57 15 105
139 36 196
286 65 444
308 9 367
66 70 183
245 32 296
166 171 369
29 25 103
67 47 141
106 94 229
274 67 441
225 85 315
356 40 452
35 84 168
62 71 200
278 79 449
69 105 252
330 17 386
336 333 795
366 97 519
256 10 332
2 1 20
255 142 520
264 122 518
343 375 737
2 30 68
146 61 300
68 108 214
256 390 778
335 9 400
330 106 438
150 64 227
148 68 230
200 32 318
122 193 367
156 19 190
254 15 356
380 79 532
91 45 205
116 79 284
380 264 760
204 64 319
285 77 371
347 49 532
215 211 442
163 68 279
219 66 357
120 322 565
215 75 304
57 116 237
35 13 92
326 138 486
163 28 272
174 49 306
254 78 457
95 86 240
286 67 442
207 331 633
20 76 114
233 50 320
312 15 426
136 2 189
297 56 490
368 56 446
116 42 234
34 81 184
251 50 394
291 49 346
253 2 363
333 16 473
99 42 147
290 146 538
385 53 517
200 43 329
103 157 333
267 292 647
160 32 239
193 38 266
331 12 454
157 6 183
194 21 232
302 2 371
25 102 197
216 170 401
65 154 279
396 95 493
69 65 198
234 174 445
173 239 450
268 195 529
360 328 819
31 45 145
214 65 402
206 82 322
195 27 329
259 12 395
113 42 202
235 68 426
201 6 242
76 3 119
348 57 511
42 89 207
316 4 419
170 142 398
248 96 389
278 32 438
15 101 142
66 142 285
163 396 616
346 68 566
319 56 397
174 110 290
54 31 124
80 111 249
113 176 371
2 106 198
312 185 559
92 214 308
156 66 324
236 4 326
13 23 68
261 108 375
89 73 263
28 360 447
150 364 692
283 79 452
85 36 175
103 9 149
367 28 503
36 8 51
211 97 321
136 218 442
85 43 189
313 96 416
342 169 673
120 90 321
153 32 265
256 200 619
283 119 427
222 4 266
24 24 95
101 53 197
164 31 260
64 84 165
246 91 399
340 395 823
272 12 337
398 61 614
331 98 437
395 50 587
178 106 380
376 358 933
183 53 297
181 35 283
186 88 379
279 226 672
154 13 182
196 14 263
136 126 298
141 83 225
235 90 451
374 92 561
337 349 811
399 19 512
368 208 621
275 36 437
63 171 282
298 64 419
27 27 73
84 6 100
193 22 215
131 32 167
31 19 99
218 61 343
242 4 274
296 48 469
306 125 480
276 137 563
157 65 262
297 27 426
3 92 137
373 33 532
97 138 355
277 102 553
28 37 77
258 124 506
81 94 255
26 165 252
78 84 227
395 36 552
381 128 619
313 38 471
284 49 352
367 47 569
267 137 561
186 3 216
21 42 142
331 8 496
61 85 222
156 105 294
247 48 431
89 146 262
169 4 241
311 37 355
336 84 453
350 81 562
368 97 592
123 54 204
76 24 137
120 53 206
42 27 168
90 36 145
110 328 496
77 77 190
293 92 511
72 67 139
346 20 366
185 321 542
88 22 169
92 87 197
68 169 370
272 202 626
92 90 294
40 93 138
383 209 789
229 40 384
120 99 227
74 110 308
11 157 295
169 309 577
71 27 145
318 22 417
361 44 523
168 23 321
386 18 533
103 37 211
278 52 358
46 124 184
141 13 216
388 31 475
37 19 124
130 54 212
344 46 565
244 13 396
308 48 432
368 128 512
116 264 493
363 122 493
210 115 371
277 189 616
98 18 206
351 27 446
341 35 431
206 5 318
239 83 484
140 49 302
227 67 393
58 58 185
283 15 343
100 47 209
126 330 565
