450
14 114 146
177 157 361
328 189 540
53 47 111
126 36 200
167 53 265
360 28 470
168 71 293
411 11 458
424 123 681
225 184 448
335 429 851
409 38 546
399 42 483
394 54 506
35 61 121
20 34 56
28 67 116
356 105 525
216 176 394
344 9 358
400 52 474
54 14 70
390 157 550
195 433 728
143 296 547
435 38 545
241 23 307
382 100 510
208 191 464
410 301 723
406 196 708
290 261 656
135 41 212
233 49 330
281 23 337
192 392 646
344 109 524
224 370 662
138 1 172
206 45 323
219 98 365
363 140 615
445 172 658
367 48 467
74 105 199
297 40 393
229 106 353
141 10 172
37 186 273
302 98 506
442 29 573
390 36 510
23 25 57
76 143 225
71 170 294
198 208 430
156 58 279
103 196 350
269 14 287
264 79 431
416 20 475
72 152 287
128 290 432
117 16 166
9 73 90
177 130 371
100 5 128
202 56 265
350 25 459
30 56 86
309 9 371
101 36 165
38 4 44
187 87 344
166 39 259
301 245 656
85 43 162
67 41 125
415 45 515
80 33 151
450 41 513
334 38 394
398 50 492
107 25 164
88 241 340
391 96 499
295 40 408
249 100 349
443 87 627
214 20 301
115 47 176
344 51 464
193 68 326
205 23 232
51 102 181
140 137 347
193 115 365
257 181 439
311 71 443
319 191 661
382 9 461
439 115 637
120 34 173
1 20 37
229 98 339
174 1 186
222 140 392
255 177 432
15 184 255
24 48 96
141 112 283
281 401 703
235 68 381
290 134 453
429 106 662
329 54 417
411 88 644
152 96 335
130 62 256
118 22 193
52 19 72
391 77 487
316 120 523
79 32 151
402 300 830
352 44 443
8 79 124
223 89 407
218 127 411
302 216 611
292 74 416
110 90 214
200 21 270
151 82 305
449 187 729
403 216 636
402 69 475
44 31 83
102 34 164
378 177 703
136 361 554
5 43 81
390 80 470
84 202 355
80 74 174
202 351 720
333 4 392
419 165 647
314 235 627
5 44 95
107 60 211
419 30 476
370 45 498
118 63 222
28 129 174
172 201 477
200 315 572
438 85 610
352 30 382
438 88 605
446 193 812
174 350 560
151 60 294
327 102 565
104 428 632
48 49 117
301 95 444
249 90 345
206 149 378
342 190 611
294 424 778
158 47 226
441 27 501
134 49 192
64 19 114
435 90 552
212 339 595
295 46 461
84 289 392
360 9 436
295 38 408
356 69 515
11 38 53
225 12 254
31 81 142
246 265 603
213 32 302
1 11 24
11 35 49
339 39 454
120 118 244
159 155 337
358 276 787
432 66 556
329 84 502
61 156 318
101 237 432
424 142 608
123 102 241
331 378 919
374 65 584
75 19 168
374 82 513
377 99 619
195 150 441
76 268 412
77 51 139
188 42 261
312 36 416
24 104 187
224 251 506
237 25 277
414 63 546
303 81 445
417 106 585
151 14 260
77 36 166
44 317 457
228 2 291
228 2 306
226 18 314
243 212 491
195 202 541
311 46 415
257 59 361
245 80 436
390 59 528
230 204 462
164 160 392
312 58 489
30 69 117
129 407 585
87 274 394
114 99 213
81 48 145
260 115 466
444 254 903
113 18 185
416 50 528
163 22 243
116 7 188
192 429 684
168 81 346
439 40 527
7 155 215
407 392 901
166 98 392
404 125 656
125 102 253
370 222 771
297 6 368
29 107 184
426 89 520
382 94 557
64 374 471
292 46 421
195 40 310
444 98 561
445 65 696
110 288 490
288 151 529
364 359 793
431 211 775
441 198 865
167 21 277
25 40 104
339 20 487
421 63 558
266 29 339
190 294 650
252 109 492
365 117 508
9 1 63
228 413 715
418 37 488
286 41 472
265 4 375
188 50 302
308 64 380
412 21 536
447 376 911
327 6 486
51 372 464
281 22 374
448 353 1009
187 1 212
232 3 289
103 44 233
342 2 453
150 66 335
135 43 222
357 79 441
82 94 271
340 379 757
22 150 277
437 86 571
200 148 373
255 39 357
388 355 760
260 30 394
146 158 319
450 397 1059
268 16 413
295 134 516
243 72 418
155 376 717
105 151 350
326 48 397
272 79 459
423 203 651
33 99 224
271 19 397
110 49 237
68 14 96
105 142 313
395 6 433
69 51 203
130 6 240
8 29 92
314 89 570
168 78 249
146 15 190
419 209 842
160 346 697
308 101 426
67 109 186
320 44 419
194 374 717
260 61 410
264 50 401
410 108 698
126 77 298
128 195 376
179 369 717
401 68 469
298 151 473
309 143 522
341 66 421
219 58 287
297 22 369
194 46 315
435 199 790
444 366 880
293 38 336
295 89 454
348 120 483
402 77 490
398 16 477
114 64 235
307 60 465
296 173 513
126 395 624
446 222 758
422 119 708
342 146 509
230 387 670
72 22 111
152 55 230
26 31 83
116 124 297
356 33 413
410 58 661
36 51 93
348 37 524
131 19 254
227 104 336
26 65 102
225 3 327
137 189 433
342 62 430
283 72 518
35 107 223
198 113 333
420 114 696
112 94 254
85 30 129
43 355 473
120 3 139
34 10 147
178 1 276
356 68 499
59 48 129
287 95 554
343 89 492
182 78 345
47 257 426
405 41 638
26 5 136
267 6 319
240 167 415
332 69 537
15 109 233
322 100 591
6 189 261
315 82 453
199 84 352
330 141 654
240 181 458
179 108 307
19 81 138
105 56 206
174 294 566
42 7 96
263 41 360
69 41 146
262 440 805
172 4 264
322 32 354
41 68 237
27 358 557
274 130 516
280 316 773
215 35 388
335 105 495
81 42 218
182 375 713
402 83 610
178 400 728
376 80 653
88 94 283
266 82 486
426 438 1048
378 14 494
90 44 159
201 2 350
1 93 208
424 60 676
254 24 379
274 371 824
172 84 283
442 86 602
389 130 677
8 179 314
175 25 268
295 27 372
26 31 123
281 43 393
143 74 329
93 61 259
198 8 263
358 222 830
8 169 197
313 51 424
376 403 1046
371 81 533
159 40 348
175 148 484
415 181 829
2 82 180
