500
441 95 647
499 142 737
462 115 603
301 47 374
430 89 584
125 31 191
137 11 149
478 199 698
288 242 652
58 100 168
243 160 499
129 241 399
153 333 591
329 161 595
115 189 352
410 186 730
467 93 609
290 21 333
180 109 313
369 382 864
28 56 109
185 221 427
293 341 652
76 27 130
126 304 453
243 149 417
57 208 266
419 112 588
489 13 502
220 150 455
137 97 250
222 288 552
368 140 551
462 181 739
326 43 455
89 102 225
431 233 782
5 183 227
393 9 470
124 53 185
381 77 580
41 14 75
450 5 456
333 397 824
352 66 522
61 5 84
45 123 221
106 220 399
308 500 844
223 11 273
440 101 543
485 47 652
112 59 223
382 143 668
205 36 265
20 383 516
142 22 198
204 19 257
324 60 393
57 47 141
190 206 417
135 37 182
297 46 367
110 30 190
485 154 705
70 232 382
492 85 648
203 51 289
124 141 306
36 10 54
220 366 737
232 50 287
15 90 135
329 84 500
129 160 364
434 270 886
334 206 674
149 132 363
78 28 119
315 35 433
218 36 283
394 14 442
368 1 383
22 31 55
221 8 259
127 26 175
18 32 58
205 1 247
254 240 580
83 311 399
427 34 531
349 31 391
416 23 521
360 144 622
83 30 132
497 314 1017
428 32 542
313 217 584
315 74 450
104 138 290
315 91 464
429 345 913
395 428 966
236 27 301
13 33 48
466 79 700
166 320 629
342 134 590
121 65 246
218 312 657
253 3 266
182 11 247
302 17 328
227 41 355
177 15 261
408 48 559
27 83 134
146 95 292
120 48 206
489 167 850
234 379 756
352 21 456
72 110 198
343 196 589
71 237 321
136 48 236
55 49 144
216 403 791
88 120 229
472 229 739
279 224 632
239 99 412
160 230 513
484 371 1019
191 105 346
173 106 348
216 448 690
350 26 380
109 151 310
500 160 860
453 351 818
65 33 137
453 90 615
96 111 276
397 319 910
442 226 791
30 207 264
273 22 325
167 79 275
105 224 366
315 484 864
20 41 69
105 59 172
76 121 214
174 90 299
404 361 904
420 92 612
142 162 337
88 100 204
282 14 385
136 59 242
41 83 168
387 456 1030
198 84 287
347 139 583
46 94 176
171 380 682
122 109 243
387 151 714
37 287 371
457 67 535
9 78 147
172 103 344
402 103 513
250 53 335
453 78 581
141 222 378
481 212 816
390 180 710
311 28 432
241 125 375
451 69 581
458 6 532
48 166 285
456 81 683
8 4 20
388 489 1012
275 47 409
281 16 316
313 24 434
242 41 389
80 87 217
451 45 652
185 39 273
319 403 834
153 59 264
133 55 219
138 38 225
340 6 461
206 53 332
387 422 885
483 17 524
224 187 428
310 46 490
434 105 690
333 40 448
32 39 125
374 139 610
367 68 515
42 94 158
342 180 528
83 425 682
49 74 193
279 37 434
131 8 156
406 48 528
401 146 635
282 151 473
68 73 176
347 19 478
46 212 320
142 365 597
240 9 259
343 386 821
357 67 464
16 37 117
313 37 450
261 52 442
46 172 247
301 221 557
78 6 91
285 10 344
59 136 214
473 93 759
11 66 135
197 39 254
271 63 354
143 25 201
455 136 651
208 148 442
364 497 887
252 10 276
123 57 204
122 298 456
353 1 502
435 7 505
484 105 621
219 157 412
383 401 1037
468 29 630
495 124 637
71 159 313
270 427 891
397 16 528
177 38 267
97 111 251
139 282 557
359 420 940
392 74 633
299 61 447
181 148 357
349 31 488
342 25 368
462 75 641
72 37 185
348 50 549
199 35 248
221 52 328
374 66 602
170 115 363
377 105 645
210 354 765
429 52 623
331 105 470
118 141 298
145 80 282
38 259 350
307 112 513
217 68 385
463 193 804
150 95 321
452 125 644
217 165 396
388 104 607
5 483 597
51 390 575
421 97 567
224 143 431
272 148 471
292 391 707
465 4 613
278 81 495
443 114 769
66 78 157
62 441 547
312 117 514
368 5 524
36 34 82
180 59 346
200 67 402
416 33 565
79 11 116
57 97 167
220 30 322
269 76 405
301 273 591
138 31 265
125 159 408
10 38 52
351 119 502
165 20 196
351 1 430
416 134 697
380 225 643
107 307 532
65 120 191
16 98 129
418 69 554
357 279 772
188 8 217
467 16 662
72 73 197
201 50 338
155 211 381
383 109 591
183 87 305
304 239 639
214 70 369
174 59 316
355 79 456
121 92 213
202 64 394
277 39 364
235 86 467
254 335 751
450 32 489
397 11 480
20 12 50
453 46 608
370 79 555
160 96 284
128 122 350
470 20 491
200 77 330
325 278 621
289 62 425
336 38 546
51 99 245
66 2 95
215 167 417
45 242 443
144 89 361
346 3 488
375 70 552
457 250 738
73 39 137
265 21 321
43 5 105
81 47 178
142 26 252
108 39 181
69 26 183
289 79 481
270 59 464
468 215 683
188 467 665
323 264 677
358 75 501
32 123 259
445 124 637
63 177 287
163 481 842
415 113 658
138 126 380
459 26 571
282 270 775
353 52 494
446 98 717
8 15 63
476 228 903
108 261 395
376 116 517
23 215 316
467 335 841
164 7 234
368 107 622
331 120 461
97 200 358
188 361 596
482 3 632
75 40 192
293 91 534
151 50 265
379 113 546
290 122 533
296 438 968
168 28 322
478 31 615
322 12 446
337 17 446
6 495 593
99 125 336
381 92 592
181 129 402
490 273 945
331 82 452
382 6 476
267 18 414
423 51 494
138 12 255
240 384 664
220 133 420
403 49 634
383 108 539
111 58 238
13 35 66
396 146 689
282 231 582
47 353 530
44 23 155
90 229 454
95 294 474
248 69 372
42 34 201
103 62 300
12 72 182
340 219 769
7 275 360
57 84 250
354 11 458
268 222 575
341 202 751
99 15 117
282 8 403
2 37 80
413 95 660
221 33 390
114 5 231
94 121 343
202 339 639
45 116 187
481 66 659
118 218 443
93 86 218
374 28 494
143 92 388
258 104 415
20 39 103
238 171 550
440 88 707
371 59 595
408 74 519
136 80 350
244 408 734
458 208 906
151 101 297
182 17 242
161 189 421
248 134 401
332 65 566
285 128 459
397 150 794
292 24 454
458 37 497
419 292 940
215 53 284
449 83 638
497 15 659
296 84 437
216 42 362
16 92 233
436 106 700
67 220 351
487 425 1154
389 7 595
177 150 334
114 414 596
7 11 142
452 81 637
179 88 272
37 348 434
470 10 695
136 44 290
148 29 227
277 40 350
88 44 138
173 97 335
477 139 795
383 114 629
485 269 843
89 65 217
283 92 502
234 25 388
82 65 290
169 22 245
230 14 334
193 25 272
141 130 413
235 85 375
85 118 331
