300
169 1854 2023
4 136 178
39 3176 3275
132 1329 1501
19 1466 1525
4 1134 1182
1 2482 2542
2 1701 1743
194 1105 1361
27 86 189
274 313 608
77 1778 1908
1 754 789
4 1999 2039
35 1486 1581
13 2167 2194
14 3005 3057
1 540 548
100 796 956
1 355 403
69 113 191
1 1569 1622
177 1566 1743
19 2068 2112
91 1591 1739
72 361 487
30 3312 3342
130 116 285
16 3235 3306
1 2420 2463
9 1906 1954
13 2155 2260
1 475 551
68 2703 2771
80 2229 2377
1 3093 3117
29 3153 3243
31 2337 2401
165 487 685
3 3222 3284
6 1972 2033
53 1781 1859
3 1776 1827
5 1895 1966
5 3551 3646
139 2616 2762
4 2119 2210
76 1062 1138
93 810 908
4 3374 3401
27 111 183
1 2014 2072
1 245 314
10 1533 1607
178 905 1083
7 2311 2363
57 702 810
10 1561 1621
79 1415 1566
16 1273 1326
10 1392 1472
3 2305 2365
3 1026 1033
38 39 157
222 2451 2701
12 3321 3399
35 0 35
109 1170 1321
152 989 1206
94 1361 1467
17 502 585
8 1557 1642
216 2089 2320
202 2839 3041
3 269 299
95 2107 2202
1 1776 1851
18 2190 2259
117 1275 1433
16 3348 3417
10 1774 1791
5 1282 1376
24 2575 2644
8 1337 1409
22 720 756
116 3011 3160
25 752 849
32 1686 1751
2 727 764
25 446 483
1 0 17
31 2557 2635
25 564 638
88 2059 2179
3 3014 3041
33 1577 1625
48 45 101
130 0 163
1 2682 2775
6 1885 1955
9 785 830
1 3254 3298
215 3370 3585
3 2742 2785
10 3016 3058
60 2444 2528
22 3434 3456
101 135 236
30 1760 1843
92 1906 2003
46 3506 3577
4 770 817
107 1376 1539
25 2665 2746
11 3140 3235
22 3367 3429
1 1866 1950
22 1394 1460
71 1791 1914
3 220 260
2 2635 2657
1 105 169
39 646 762
97 2215 2384
88 2638 2760
1 1448 1479
85 2022 2123
9 1118 1201
1 2058 2084
277 748 1025
112 263 380
149 2734 2898
9 1144 1208
7 2157 2206
5 2599 2649
52 1498 1616
200 2734 2934
151 2941 3128
60 1717 1832
91 1141 1313
2 3148 3193
10 1538 1598
177 3264 3441
88 1452 1586
18 3282 3349
30 2016 2111
28 1290 1357
16 1940 1974
26 3194 3220
18 1949 2012
13 1293 1320
32 8 74
17 3389 3474
146 3451 3622
56 1990 2061
2 3444 3488
4 2406 2505
1 886 963
11 1336 1395
38 244 346
4 2072 2134
86 3443 3543
25 1345 1433
13 791 813
121 3021 3150
6 404 457
85 2626 2785
1 1405 1478
9 3347 3417
119 1186 1305
8 587 630
8 471 515
3 492 533
11 2159 2237
16 1901 1917
40 1123 1224
30 3271 3323
1 1649 1689
193 235 491
9 0 27
1 3124 3160
245 895 1140
9 1554 1581
58 3174 3320
5 1839 1871
18 468 519
29 1874 1960
131 2754 2890
19 3141 3180
23 0 24
145 729 930
1 2604 2632
23 2331 2379
2 360 433
24 1330 1376
2 1776 1833
38 2759 2830
10 1471 1553
17 1342 1433
165 2345 2510
105 0 129
6 1132 1201
11 3125 3207
9 3010 3071
15 541 603
17 2201 2261
4 1538 1559
9 1146 1177
1 241 274
6 3319 3386
169 2316 2485
141 131 298
10 2487 2561
167 511 678
2 1798 1836
13 1971 2034
3 2596 2627
24 3249 3283
1 2632 2696
5 2962 3053
234 1536 1770
3 2322 2370
41 2681 2793
221 915 1136
25 3450 3544
60 199 327
1 1565 1630
108 2899 3009
4 3020 3051
100 1536 1672
4 2005 2054
143 630 818
5 732 776
94 2494 2644
100 2491 2604
4 2203 2272
18 95 140
45 1978 2097
1 2634 2725
123 241 364
177 2031 2208
5 495 587
99 385 512
210 2911 3186
24 535 577
4 3234 3324
1 2826 2856
3 1987 2059
45 457 543
6 450 462
39 2884 2941
242 1612 1858
18 1553 1576
38 3503 3543
40 3342 3436
167 3048 3215
177 2264 2441
1 2229 2287
21 3445 3483
1 877 934
2 1889 1906
84 1455 1539
19 1141 1210
45 444 546
4 2776 2839
7 3530 3559
4 1153 1232
37 2602 2639
119 2290 2437
46 3523 3639
9 433 495
29 20 52
18 1963 2003
17 1906 1965
180 3166 3346
114 1889 2067
1 1279 1355
151 573 726
18 3128 3210
1 252 275
19 81 128
2 2381 2422
7 2913 2941
1 571 630
5 2566 2615
9 2557 2633
18 25 80
81 2160 2303
8 672 719
7 3446 3511
37 587 678
22 2526 2562
29 1758 1817
5 2902 2917
29 711 803
3 368 391
1 1820 1903
1 2084 2129
153 3284 3443
14 179 246
