350
253 3422 3675
1 1465 1506
1 1914 1967
45 1413 1506
2 581 628
6 2949 3005
544 3097 3641
2 1153 1227
1 3118 3177
17 802 898
49 3867 3960
59 2362 2498
27 3690 3728
2 3258 3294
2 1223 1277
18 2349 2454
278 2905 3209
3 847 907
42 666 754
5 3264 3269
11 295 342
1 451 513
2 692 706
16 294 344
10 1425 1504
22 928 996
2 1806 1886
5 4086 4137
1 1271 1322
12 216 243
203 3861 4064
1 3925 3970
81 1245 1358
102 1065 1194
6 2743 2806
119 4018 4174
1 380 452
4 4128 4192
3 3723 3789
2 2750 2811
19 637 686
3 204 212
34 4107 4182
24 3120 3172
121 869 990
3 2764 2808
27 1179 1260
27 717 782
35 3035 3132
1 1000 1042
26 213 293
75 2141 2271
2 3594 3643
2 2305 2348
41 1946 1987
30 1110 1163
1 1347 1433
217 929 1177
1 1083 1130
4 1169 1183
1 3364 3424
5 2274 2339
31 213 251
20 598 638
214 1710 1924
78 1264 1377
31 768 881
166 2514 2680
158 3756 3959
11 2736 2804
1 3826 3868
4 1456 1507
1 1179 1217
50 1176 1251
6 1524 1565
3 593 669
1 2971 3035
100 650 787
63 2920 3021
6 85 163
96 513 648
23 761 796
31 260 344
7 1152 1220
4 4004 4054
4 0 38
14 2718 2807
13 632 655
213 3083 3296
6 1947 1986
27 3406 3441
7 1216 1290
25 3321 3413
17 101 182
1 1170 1217
109 2591 2774
243 3302 3550
39 1193 1313
84 1648 1732
20 3289 3309
40 1956 2029
1 3436 3458
2 2202 2241
2 3272 3326
139 3710 3849
18 1533 1603
67 2876 2979
214 306 555
1 1188 1258
61 3300 3376
15 3072 3143
1 1622 1673
100 3581 3708
22 2698 2750
2 966 1054
12 2316 2376
2 1593 1654
14 296 351
2 395 408
36 2379 2422
15 201 243
2 93 160
1 3665 3737
101 1438 1539
251 1702 1953
103 2208 2353
1 3442 3479
5 1475 1501
18 1394 1441
183 2443 2626
93 1902 2054
31 3936 3988
17 2312 2395
25 1620 1662
4 1617 1657
151 2966 3152
20 3640 3722
170 1239 1473
16 1375 1418
44 1541 1633
4 3704 3742
21 2690 2780
5 1177 1229
25 611 675
12 151 224
146 2088 2291
170 2700 2908
19 3307 3385
116 0 116
1 339 344
1 759 776
29 4137 4236
16 1401 1444
1 2218 2247
98 2318 2491
8 2718 2767
23 3258 3334
44 3722 3798
65 2330 2395
13 1605 1655
2 2478 2536
170 2136 2308
2 757 804
119 647 787
100 375 475
252 3942 4194
95 2761 2924
83 3746 3829
37 843 918
4 598 618
17 2013 2103
158 479 637
41 1518 1571
175 218 393
263 2500 2774
2 2009 2065
128 90 244
91 2218 2377
13 3344 3416
1 1718 1776
124 1585 1709
125 477 602
22 3151 3218
1 269 334
1 2887 2909
40 2045 2106
1 1453 1488
6 2744 2794
35 4140 4234
6 212 237
2 2349 2376
74 1479 1575
1 2701 2755
41 2097 2138
120 0 120
36 4113 4182
2 435 515
21 1131 1190
1 1675 1739
1 1390 1454
28 4169 4199
17 1861 1938
3 850 895
4 2101 2148
96 2390 2569
16 3275 3330
54 3352 3460
14 4100 4158
21 3341 3414
29 2354 2423
7 3286 3335
1 2955 2966
4 2870 2924
17 1248 1275
2 463 532
9 4176 4233
6 2911 2971
1 1954 2016
42 990 1085
21 3691 3732
80 784 909
26 215 293
36 1614 1718
6 1145 1178
16 3401 3453
47 1997 2123
27 1425 1494
239 393 632
34 1395 1429
3 2080 2137
161 652 862
23 737 826
148 2746 2957
3 3569 3589
124 3979 4103
17 4043 4135
9 2494 2550
5 2895 2945
147 1951 2124
157 1463 1653
12 1408 1457
1 2128 2166
165 2933 3141
1 3173 3183
15 1669 1697
5 764 815
29 4076 4141
40 1383 1442
2 815 827
1 3816 3871
11 749 817
81 2363 2456
12 636 654
4 179 214
1 359 419
22 3818 3903
28 1081 1122
5 711 782
237 1560 1797
56 3185 3292
78 2251 2398
2 3645 3702
26 1547 1573
25 2331 2357
13 1551 1616
437 1710 2147
3 3097 3167
1 2696 2782
1 331 379
31 1305 1417
60 344 404
28 3252 3291
254 3449 3707
99 3806 3911
11 1402 1445
21 1993 2070
74 2439 2556
18 2871 2939
6 2022 2052
76 371 464
136 215 409
8 3410 3468
26 819 875
176 2752 2975
96 749 904
1 2735 2787
1 3721 3775
90 1165 1266
21 3017 3058
15 3257 3344
48 1844 1911
178 98 278
42 1140 1219
175 1262 1454
39 3922 4012
86 3913 4051
10 3714 3789
3 4104 4194
18 1839 1892
100 2109 2209
22 187 209
5 1272 1332
3 2408 2474
17 2466 2500
32 2720 2763
25 1195 1269
88 3131 3227
29 1480 1555
27 2073 2154
224 863 1087
18 886 951
17 3690 3781
5 2213 2270
110 3779 3889
59 639 737
23 156 206
149 0 149
8 933 999
1 3368 3414
2 1027 1074
1 4076 4102
12 1571 1607
40 1425 1529
6 4141 4173
21 3651 3733
58 83 224
10 1000 1048
32 1314 1392
26 1674 1750
40 787 904
28 3026 3067
7 2058 2119
1 1718 1754
2 3400 3426
1 1322 1364
220 2479 2699
10 3367 3434
1 1562 1619
62 3706 3805
23 2362 2445
1 1162 1192
9 2753 2790
8 2097 2182
1 371 424
12 2700 2733
98 0 101
369 828 1197
19 2340 2361
36 3563 3662
2 1314 1400
