400
46 1130 1200
120 4605 4732
73 1413 1560
155 1200 1355
1 550 575
2 2812 2877
1 2558 2602
16 1962 2054
4 3879 3905
6 4790 4805
7 3629 3664
9 2225 2301
122 242 364
13 4692 4758
4 2068 2135
1 240 309
1 2396 2484
1 2890 2964
27 2290 2386
29 622 695
1 3838 3862
100 1679 1850
7 3625 3659
1 1059 1103
121 1847 1968
187 477 664
6 1520 1559
70 4195 4276
122 2171 2293
2 2703 2743
23 4512 4558
1 1805 1826
137 4547 4720
126 4340 4498
32 1524 1609
14 4118 4185
3 650 688
9 4011 4101
3 3105 3161
4 0 46
19 8 69
196 3967 4163
75 3280 3366
34 3241 3316
137 4607 4805
1 4391 4435
66 818 893
24 3750 3852
264 2930 3196
5 343 420
1 1417 1470
162 4135 4297
92 3498 3590
3 342 408
5 4397 4448
12 1412 1446
27 3915 3979
43 1188 1245
4 2547 2589
2 2156 2192
29 2665 2728
1 824 893
46 1992 2088
4 4131 4169
1 3917 3957
19 2899 2919
34 287 414
1 1529 1554
122 4647 4769
16 3279 3354
44 2387 2456
35 1147 1221
211 3637 3848
139 2931 3151
23 1951 2051
280 725 1029
181 3194 3428
10 1950 1986
97 259 374
1 2199 2262
33 1617 1665
1 1040 1111
196 2052 2248
1 3222 3270
90 359 520
1 1083 1133
305 2102 2464
48 1200 1307
8 0 28
84 979 1093
5 3506 3557
278 552 830
3 3370 3386
10 1626 1693
2 1608 1627
1 1991 2026
3 3091 3111
3 2014 2073
1 550 605
2 1007 1073
225 3781 4044
182 1878 2060
83 469 582
59 769 886
113 2091 2210
4 3981 4050
14 3612 3664
154 4168 4322
144 1076 1261
5 4285 4302
35 2528 2591
145 2005 2150
7 0 21
1 1858 1893
10 1948 1982
6 4456 4545
56 1622 1704
1 3373 3408
3 1134 1174
103 1692 1870
41 522 626
34 1475 1562
7 469 545
2 4646 4693
248 263 511
18 4733 4763
2 25 93
41 3834 3938
12 3195 3247
1 2530 2581
40 1384 1424
14 2629 2701
233 4065 4348
16 2742 2825
20 2920 2979
16 2532 2635
8 254 325
132 2552 2684
1 3985 4052
24 3907 4011
22 2804 2891
17 2612 2660
113 4296 4440
109 609 769
2 4398 4454
88 1467 1566
30 2780 2837
212 3155 3367
15 3977 4045
24 4321 4385
16 4136 4164
8 470 519
20 1653 1751
25 3504 3567
31 2048 2118
12 3614 3678
8 1373 1414
1 1197 1275
27 4630 4722
18 1183 1220
22 1952 2010
6 3388 3451
4 291 312
17 1848 1915
20 3540 3608
8 2418 2484
26 2068 2103
6 2826 2885
142 2843 3001
82 3085 3246
1 2786 2830
5 3382 3426
143 3605 3774
5 356 403
1 1541 1608
80 993 1102
5 4300 4366
3 1981 2053
1 3118 3153
11 3633 3721
67 118 235
1 3539 3549
64 1828 1902
24 592 670
15 34 57
39 502 595
3 4485 4562
38 2845 2930
93 3093 3186
94 3820 3945
1 611 618
5 4028 4083
150 3641 3833
1 214 280
14 4743 4815
175 3943 4136
13 4018 4095
13 3966 4036
36 2555 2617
7 2934 2979
161 1488 1649
198 2713 2971
2 1802 1839
112 708 887
27 2612 2676
1 4102 4136
22 3521 3611
41 2271 2319
109 2175 2326
92 4011 4103
29 4679 4736
2 4481 4504
5 2391 2441
14 2063 2151
1 3563 3574
202 918 1120
2 3393 3419
40 2890 3005
126 1491 1617
42 1588 1685
2 989 999
10 2942 2991
14 1522 1573
4 687 769
1 923 979
7 1111 1153
22 2844 2881
65 2477 2603
6 3670 3702
410 1090 1500
9 1300 1327
93 2295 2388
21 457 537
7 1698 1734
1 0 34
7 3209 3223
2 1924 1983
73 59 208
1 1624 1688
4 691 754
30 3885 3969
2 770 851
131 4385 4566
2 1037 1088
233 3588 3874
125 164 289
17 4325 4398
2 4655 4747
26 1775 1837
100 3000 3107
4 3355 3371
11 2795 2860
22 4764 4807
49 0 49
1 3960 4004
1 3348 3387
1 4292 4303
117 18 165
22 1751 1809
2 980 1036
2 253 325
138 2429 2587
2 2499 2526
77 856 933
40 2005 2053
118 2543 2737
39 628 750
219 3396 3629
15 4275 4355
110 4478 4637
4 2422 2472
18 1062 1121
64 1545 1624
2 4787 4826
25 667 767
1 796 872
29 3191 3275
152 2413 2595
82 350 467
3 4320 4343
1 2271 2328
27 1775 1877
1 956 965
169 3344 3554
24 1045 1117
136 1645 1784
3 1888 1949
162 4471 4652
1 462 512
63 1868 1971
96 0 143
19 4747 4807
120 1274 1468
2 0 36
233 1206 1512
3 1749 1797
46 1546 1630
45 699 753
99 177 338
219 2293 2512
69 919 1030
10 3127 3195
3 3622 3693
1 1860 1938
112 2695 2843
120 835 955
87 3814 3901
38 4284 4377
95 0 99
1 1699 1752
146 4476 4650
1 3527 3543
98 4290 4449
18 1508 1539
1 1859 1901
11 1392 1441
2 3779 3788
79 871 957
3 4163 4217
2 3609 3636
2 39 84
2 2279 2328
120 2846 2997
29 0 53
8 3626 3670
1 1821 1863
36 3328 3395
47 4416 4501
20 4290 4379
2 2558 2621
3 1763 1850
5 1500 1531
137 4336 4516
20 4174 4233
74 3170 3302
121 2963 3091
6 3203 3268
1 2670 2717
1 3271 3313
1 4610 4659
1 1880 1913
1 896 974
27 3547 3623
2 1882 1945
77 151 228
72 1825 1897
16 334 418
16 445 513
152 3399 3563
141 3893 4081
33 2927 3012
25 261 342
63 1897 1971
3 4009 4087
41 1948 2000
28 1269 1301
28 4764 4814
212 11 223
34 236 320
1 717 749
40 3551 3668
5 2059 2102
92 2677 2793
105 3296 3440
9 1611 1670
2 4299 4350
3 4296 4340
3 1858 1922
122 3386 3522
7 1503 1601
2 4137 4177
17 760 815
35 1823 1900
31 747 810
1 2385 2403
12 2985 3015
4 4138 4218
1 3060 3142
81 1756 1921
104 355 491
2 509 563
242 2543 2799
6 4719 4798
149 2339 2488
14 2702 2728
2 474 480
8 1912 1972
98 1674 1772
6 1153 1184
64 541 609
23 3612 3641
5 138 194
116 1026 1142
41 1427 1468
8 2292 2354
4 3580 3655
16 644 709
28 623 661
1 2814 2827
44 3086 3185
