450
1 228 259
67 692 805
8 2197 2253
1 1454 1475
32 1930 2003
68 1357 1425
188 1798 1986
110 2207 2362
2 4904 4983
1 1780 1853
44 1194 1268
2 3825 3873
168 4537 4711
64 3183 3328
7 39 83
18 120 174
7 3566 3632
6 3198 3227
57 5166 5228
1 4872 4904
7 3379 3456
2 4010 4038
82 1452 1552
7 4664 4718
40 244 312
25 231 266
16 3738 3791
5 229 280
7 478 511
3 1864 1898
178 2159 2337
1 1192 1244
56 4835 4952
94 2270 2364
13 743 792
45 1911 2009
2 2354 2396
71 4842 4943
26 4883 4928
80 3701 3817
1 3259 3329
1 1808 1845
16 3848 3894
1 169 237
21 44 100
1 1849 1891
16 5217 5281
2 4122 4149
6 1649 1686
6 849 893
89 749 867
106 0 106
2 3490 3550
64 490 600
4 4592 4668
60 4564 4624
6 2604 2670
16 3628 3661
1 2382 2414
16 5158 5241
38 5330 5406
111 41 168
1 2479 2496
1 3245 3283
5 1139 1154
88 4562 4650
109 2814 2969
165 528 768
42 2145 2261
14 4803 4848
7 4606 4671
71 3257 3345
2 4851 4898
20 3582 3656
4 5154 5222
10 2167 2237
29 1778 1811
1 4112 4182
17 2050 2087
1 860 902
10 0 41
78 1858 2015
2 2802 2836
35 4092 4127
36 2530 2621
78 3998 4145
29 4124 4174
2 4519 4544
119 3461 3587
12 3111 3216
18 3280 3306
1 1549 1580
68 4194 4301
107 4827 4980
42 2138 2201
100 3147 3290
3 1165 1239
1 1631 1672
125 3462 3612
6 0 45
189 1132 1321
1 3783 3813
101 2298 2399
61 1382 1487
1 4644 4692
9 3592 3652
1 4667 4721
1 238 280
1 1664 1719
18 4692 4800
1 4869 4888
1 487 524
2 617 686
6 2571 2595
143 4939 5085
30 4250 4355
22 2579 2629
7 4704 4775
4 4794 4823
6 671 706
25 1385 1426
39 1703 1757
97 4684 4853
11 2059 2089
3 2524 2547
2 3478 3549
33 0 93
1 2171 2247
47 1688 1784
21 200 233
107 2375 2494
12 1230 1267
23 3098 3179
7 1670 1759
4 3506 3513
4 2968 3017
133 3236 3370
189 3016 3205
1 1456 1551
18 4204 4267
111 3448 3573
183 3746 3932
57 2743 2843
79 1040 1200
213 874 1087
46 4654 4718
14 4737 4776
2 3300 3327
203 278 481
1 1211 1274
1 4978 5015
22 4252 4284
120 2061 2220
19 1624 1706
75 1525 1678
41 4158 4209
25 695 742
4 2710 2749
36 3786 3860
104 3172 3276
201 1491 1692
59 645 704
25 156 242
16 1922 1974
9 193 229
2 2192 2241
116 2828 2944
103 5231 5334
98 2065 2205
1 3581 3608
81 4202 4311
49 5116 5212
5 2007 2100
112 3864 4052
2 3401 3438
2 2660 2690
37 4904 4976
2 2384 2422
72 2906 2998
15 677 758
115 1511 1626
144 3684 3828
2 5039 5084
10 2802 2864
3 2104 2169
2 1204 1280
37 725 817
1 174 231
82 3317 3399
10 4128 4172
85 0 85
75 2048 2152
83 4297 4380
48 1989 2042
40 5305 5377
236 3880 4125
49 2474 2537
3 1523 1535
153 2622 2775
132 4717 4854
3 2575 2643
10 3597 3641
1 3076 3143
166 4699 4923
75 1137 1278
33 724 813
2 1859 1897
2 1679 1737
1 5031 5095
126 3241 3419
61 2609 2670
1 4545 4573
1 225 301
122 5054 5176
3 2296 2376
98 1032 1183
1 3383 3424
75 3617 3692
25 3838 3929
7 4634 4713
7 4711 4768
3 3116 3139
144 1669 1819
9 3087 3144
153 3930 4083
4 2025 2093
92 2468 2572
57 5330 5441
8 4250 4303
1 1944 1999
39 3670 3746
1 1333 1399
141 2656 2797
7 77 143
16 4950 4979
1 85 144
195 2714 2909
1 2644 2685
2 3475 3517
22 2566 2612
2 1757 1820
1 2089 2153
6 290 313
45 4626 4731
89 3396 3485
44 37 121
21 1778 1857
25 4154 4256
42 1801 1914
15 3438 3481
66 4143 4209
70 1635 1753
93 2098 2252
21 1747 1850
1 4210 4244
1 700 715
2 148 234
6 681 760
4 4171 4218
246 3654 3936
4 3661 3733
136 5183 5331
201 3054 3289
5 3083 3142
71 2193 2270
16 3278 3343
10 1230 1270
94 3489 3597
42 3404 3474
67 642 727
1 1703 1728
27 1807 1911
5 5335 5370
13 5352 5441
14 2533 2584
71 1867 1959
21 3813 3926
15 3488 3517
43 2213 2274
4 2577 2593
131 924 1129
87 784 871
14 213 263
195 5173 5377
20 4911 4978
20 3009 3098
4 476 525
21 4942 5002
5 4699 4745
78 1260 1338
37 1084 1143
43 1887 1948
1 1784 1850
107 479 586
111 4739 4906
4 1319 1368
129 3893 4022
3 4941 4944
94 3388 3482
8 2942 2988
93 846 982
41 0 88
29 1146 1196
15 33 97
86 1705 1841
3 1915 1997
36 4107 4193
31 2250 2358
5 4094 4143
2 2912 2923
5 774 797
102 4583 4738
74 961 1073
143 681 824
12 1877 1906
11 2815 2841
26 2987 3067
1 4881 4912
88 3593 3744
1 1101 1163
66 389 545
51 2874 2979
14 3442 3500
101 851 1032
2 4563 4633
107 2427 2534
108 33 180
147 1381 1547
3 2186 2226
1 1683 1753
4 2503 2586
278 2802 3080
2 2166 2227
1 2553 2618
1 1083 1107
2 557 591
106 5201 5318
7 2538 2572
202 4287 4489
29 5184 5259
144 4941 5097
106 84 236
360 759 1123
4 209 297
2 1120 1203
25 5143 5196
23 1211 1295
5 5292 5388
32 1777 1851
36 3009 3087
8 1342 1372
21 4161 4210
1 5058 5111
11 216 279
39 3808 3918
22 2948 2994
2 2085 2095
80 1768 1884
119 246 365
7 1167 1217
11 4096 4173
29 3074 3133
9 4899 4962
23 4073 4147
17 2602 2625
132 1211 1410
14 4117 4197
135 2682 2834
4 2380 2405
2 3679 3733
140 2975 3151
109 332 476
73 4516 4602
28 204 264
1 1312 1394
22 3311 3372
1 4927 4966
1 4078 4112
126 1113 1274
10 4173 4219
143 496 639
27 5320 5362
3 633 695
36 3669 3766
2 2006 2050
1 2267 2321
246 1419 1665
50 412 496
94 3551 3685
70 1707 1820
2 3880 3909
39 0 74
188 4976 5164
162 260 460
4 5166 5222
24 2372 2455
39 3125 3172
14 1104 1185
10 2100 2163
17 1331 1432
2 1059 1112
98 502 622
1 3649 3706
4 3241 3299
247 2306 2553
6 4502 4549
2 5186 5242
1 911 992
19 2965 2997
98 5064 5210
132 2524 2669
149 4017 4176
1 3130 3178
7 2171 2249
241 176 417
3 3566 3624
95 2343 2457
106 2010 2116
80 590 670
29 1584 1655
47 4227 4302
58 557 683
1 843 905
89 4441 4553
2 2917 3004
13 690 754
10 488 515
77 121 236
231 1264 1495
86 1959 2061
236 4202 4438
14 3907 3976
6 3995 4034
35 1656 1747
1 4226 4313
4 1972 1988
173 4383 4556
104 1951 2056
5 2164 2227
32 4623 4704
11 1235 1297
1 3986 4053
5 1339 1408
323 4261 4651
7 2529 2571
106 3340 3446
15 697 742
1 3052 3118
127 4921 5080
120 2567 2707
