500
129 2089 2249
77 3872 3949
4 3710 3734
2 3916 3995
6 4402 4477
169 940 1109
92 2141 2265
5 3507 3548
2 3715 3769
7 2568 2627
11 5014 5040
6 2162 2216
38 3721 3807
1 1064 1136
1 4209 4220
137 5131 5278
1 865 915
254 1166 1420
33 5399 5455
6 2049 2137
29 1062 1150
1 1957 2004
124 4299 4443
127 3209 3336
37 1121 1192
2 2237 2262
13 4406 4485
18 183 276
7 5284 5355
3 4270 4354
3 1139 1212
1 4201 4237
29 4990 5023
43 464 549
74 550 647
9 1669 1737
185 3226 3411
42 2103 2183
9 5218 5276
28 1258 1291
32 5444 5517
154 5081 5235
46 1274 1346
8 1164 1216
5 2866 2940
9 1619 1672
1 1048 1074
9 1944 1999
125 2221 2367
48 737 842
1 4592 4641
17 4117 4152
88 5604 5704
4 2319 2375
2 1815 1881
3 1519 1549
154 4452 4606
3 3402 3493
81 5874 5989
80 3773 3859
1 1320 1371
93 3706 3850
71 4231 4358
2 1615 1689
1 2822 2861
1 71 89
52 3699 3812
8 0 14
1 3466 3544
82 321 479
1 3180 3203
65 361 490
5 3326 3361
33 3728 3761
6 2517 2578
102 1374 1476
28 1358 1386
17 4015 4056
6 5339 5383
8 2020 2056
39 2027 2129
30 5753 5852
1 13 87
285 4891 5176
129 4876 5045
180 3435 3615
146 5304 5450
57 3610 3711
17 5022 5101
3 1107 1171
7 1275 1315
13 201 276
54 4154 4237
214 124 366
1 3091 3111
48 861 978
153 1040 1253
6 2983 3065
7 5632 5707
4 1378 1431
109 3492 3601
15 59 131
54 5850 5963
142 2832 3013
6 752 809
14 2501 2566
5 2466 2513
15 872 949
3 1702 1713
151 4127 4343
46 1214 1348
3 4272 4332
138 3284 3422
13 1416 1473
2 841 899
15 1999 2014
67 4499 4566
37 4813 4873
38 0 63
1 664 714
46 3616 3694
221 3078 3299
11 105 161
26 895 941
145 4332 4543
47 5277 5329
69 2325 2439
92 3473 3639
3 5556 5626
23 1118 1164
1 5291 5314
191 3288 3479
1 5842 5888
215 116 331
100 275 447
103 4776 4879
19 2730 2763
1 3120 3156
22 4129 4192
1 2688 2725
71 4630 4715
28 86 192
5 4485 4542
169 393 604
116 632 748
343 2735 3078
34 1564 1674
40 4936 5027
2 211 280
27 5231 5329
28 5126 5154
159 5717 5901
1 5098 5151
193 2968 3221
19 3455 3501
1 5432 5512
26 4997 5094
114 2753 2874
1 4547 4610
28 5776 5841
65 4461 4577
23 499 546
12 3426 3483
10 1839 1886
148 3760 3988
96 2234 2342
1 1392 1443
130 3586 3716
10 4729 4788
96 4670 4766
9 5585 5643
5 2459 2524
81 1771 1852
26 691 779
16 602 672
38 4846 4923
11 4938 5008
199 2041 2326
167 2172 2381
20 3931 3959
158 230 444
32 2425 2485
86 3483 3576
1 4839 4892
83 4815 4952
2 432 478
1 2465 2529
105 1933 2097
10 5389 5439
8 2480 2549
16 1554 1610
40 1558 1618
69 3912 4033
107 167 322
1 1175 1229
18 5343 5402
2 4189 4269
25 2688 2762
13 5013 5050
161 2603 2768
2 2341 2418
102 799 901
174 360 534
33 5708 5787
76 2236 2378
19 3706 3759
109 1616 1732
90 3157 3273
18 5825 5843
15 4910 4943
79 764 936
101 5319 5420
24 1672 1753
116 5853 5998
89 1663 1790
1 3957 3996
114 1851 2008
4 2536 2563
1 4764 4798
29 2000 2063
2 5707 5750
127 1388 1515
105 2350 2455
46 994 1081
2 4417 4500
2 1241 1284
94 1336 1430
97 2707 2888
43 1194 1270
172 3330 3502
1 4675 4733
123 1111 1273
8 3860 3884
149 2571 2720
79 1873 2006
179 4005 4203
1 2370 2439
48 1101 1204
67 1770 1890
1 992 1031
20 514 580
129 4843 5001
2 837 887
3 2088 2107
23 2543 2648
83 1925 2036
25 3642 3731
31 3196 3278
74 2498 2607
6 891 939
5 4196 4225
2 3978 4073
131 1474 1605
6 2732 2823
9 1821 1848
2 3412 3448
118 5572 5769
1 5843 5862
87 3846 3956
2 2204 2226
1 179 187
30 2524 2619
16 3261 3340
117 2879 3034
17 4626 4694
2 4522 4561
7 5261 5273
6 0 47
11 2072 2126
118 740 870
31 51 162
2 697 744
3 675 767
14 4837 4881
7 5810 5824
7 5020 5051
9 4255 4297
1 1470 1504
1 4641 4703
41 15 90
2 3173 3215
1 588 658
11 3564 3629
17 2679 2721
2 5088 5137
66 1876 2011
55 3922 4020
62 5712 5827
1 511 600
20 2164 2208
84 5910 6001
1 369 425
224 1863 2087
90 3596 3706
2 5796 5863
4 3954 3983
145 25 170
95 4294 4456
1 3751 3837
5 5762 5798
1 1638 1667
3 1486 1527
122 3008 3130
67 561 703
5 2070 2081
133 5490 5655
21 360 430
1 1517 1541
3 3014 3058
94 3773 3867
16 5457 5535
31 179 210
1 4850 4898
18 5297 5370
13 4745 4823
3 4320 4379
27 3160 3234
66 985 1113
58 0 88
107 2474 2621
25 1954 2036
200 3934 4144
1 4111 4123
5 387 451
1 420 486
5 1703 1787
5 3737 3812
1 5717 5776
105 3805 3910
66 1432 1511
16 4302 4400
47 969 1016
8 2101 2156
121 1512 1633
37 1287 1394
6 5429 5489
58 4782 4853
54 5652 5722
10 2478 2502
123 4209 4332
6 4408 4456
1 4892 4928
117 5437 5587
1 3909 3973
71 1501 1636
185 1602 1787
155 1716 1939
34 5556 5667
138 566 704
21 3152 3214
102 874 1016
24 2049 2073
5 2082 2097
1 4526 4582
1 5669 5675
23 0 38
86 5657 5768
1 4315 4377
1 1568 1637
4 2073 2155
5 5271 5320
54 4555 4646
8 2314 2391
8 5829 5863
45 4424 4488
19 2313 2376
147 906 1132
1 1584 1617
1 5257 5287
3 541 609
113 2588 2701
3 2066 2111
21 1093 1160
67 3024 3091
31 4687 4735
168 2494 2662
76 5186 5262
40 3133 3174
30 5235 5273
2 5476 5531
61 115 216
147 5805 5952
1 4018 4053
2 4317 4351
2 4457 4497
16 5675 5740
1 4575 4652
1 1417 1490
7 4965 5035
9 2666 2738
11 921 990
15 2493 2544
2 4869 4911
124 4965 5179
217 5029 5266
162 1304 1515
77 3075 3186
42 2015 2071
168 4495 4699
2 2949 3024
106 4520 4702
187 4093 4280
1 3481 3550
24 5265 5312
4 1667 1741
17 4739 4786
12 2454 2553
4 5719 5765
46 4729 4800
16 1109 1170
5 3593 3616
38 5839 5910
1 254 316
1 1289 1328
4 1088 1127
1 26 52
34 4755 4856
103 1182 1297
66 656 755
164 4298 4462
16 2500 2579
77 5783 5888
1 1934 1987
3 2730 2777
1 4786 4831
203 5423 5644
87 3666 3753
8 1080 1164
149 5518 5667
206 4616 4847
4 1733 1794
116 1594 1741
23 2149 2176
16 3433 3502
11 1272 1349
27 3745 3811
165 3911 4076
9 0 67
81 2945 3026
1 2578 2591
2 2303 2357
148 5272 5441
16 1273 1339
80 3997 4150
2 3830 3918
2 4777 4841
144 442 586
13 4138 4181
28 1840 1885
74 5724 5866
4 3823 3832
20 4756 4829
2 3938 3972
48 4173 4295
2 4810 4844
29 4917 4985
21 4539 4609
120 531 723
7 3163 3225
26 1487 1548
1 5745 5789
140 2359 2499
8 3931 3986
5 940 996
174 690 864
82 724 818
14 3155 3234
6 4007 4062
15 331 376
4 5320 5395
2 2640 2705
1 759 778
36 2400 2491
14 0 29
9 3634 3710
144 2338 2482
5 5151 5201
30 5036 5078
3 2682 2759
144 5367 5540
242 2679 2934
12 145 225
98 862 960
85 1585 1712
1 4308 4361
3 194 253
35 72 128
48 0 76
28 2105 2151
22 3457 3536
5 89 103
2 5697 5792
72 28 164
14 1304 1318
2 1699 1751
1 2471 2545
7 678 714
32 1046 1115
85 4653 4738
14 2702 2763
