100
90 1 91
47 1 104
83 0 150
26 1 64
64 4 119
12 3 64
42 5 110
95 4 170
94 104 207
16 91 177
27 87 178
70 87 200
86 201 287
57 170 272
18 163 209
12 264 294
23 238 280
56 237 342
77 208 290
47 194 297
64 191 318
46 259 379
20 274 374
41 236 331
50 224 285
48 236 365
14 311 346
28 284 379
55 284 395
57 263 338
36 265 343
81 350 452
16 357 420
40 336 402
62 298 377
34 319 405
92 409 531
59 411 509
50 397 498
44 376 462
73 452 543
70 430 554
87 420 576
28 422 457
31 524 613
25 494 528
53 498 623
72 484 556
58 470 594
53 544 656
58 565 631
70 563 665
63 607 683
20 586 659
93 573 689
27 563 662
93 692 818
81 689 785
40 645 756
51 749 809
67 734 862
91 730 878
31 717 770
56 816 937
49 796 852
22 769 829
22 757 830
81 774 915
82 720 863
38 865 963
83 810 947
75 831 943
42 932 985
91 875 987
86 889 982
13 981 1041
98 971 1094
89 924 1046
86 1007 1103
84 1018 1109
62 1005 1141
62 1086 1155
58 1124 1186
53 1080 1172
34 1145 1193
55 1158 1246
64 1156 1278
78 1114 1259
95 1100 1243
38 1226 1308
87 1197 1342
81 1221 1341
98 1279 1413
86 1265 1354
34 1374 1424
30 1383 1428
46 1360 1407
19 1311 1366
27 1410 1448
47 1390 1486