150
83 0 164
32 0 74
69 1 80
67 0 69
12 9 39
13 3 89
89 4 100
96 5 135
100 103 203
100 103 203
100 103 203
100 103 203
10 153.0 163.0
10 153.0 163.0
10 153.0 163.0
10 153.0 163.0
10 163.0 173.0
10 163.0 173.0
10 163.0 173.0
10 163.0 173.0
10 173.0 183.0
10 173.0 183.0
10 173.0 183.0
10 173.0 183.0
10 183.0 193.0
10 183.0 193.0
10 183.0 193.0
10 183.0 193.0
10 193.0 203.0
10 193.0 203.0
10 193.0 203.0
10 193.0 203.0
10 203.0 213.0
10 203.0 213.0
10 203.0 213.0
10 203.0 213.0
10 213.0 223.0
10 213.0 223.0
10 213.0 223.0
10 213.0 223.0
10 223.0 233.0
10 223.0 233.0
10 223.0 233.0
10 223.0 233.0
10 233.0 243.0
10 233.0 243.0
10 233.0 243.0
10 233.0 243.0
10 243.0 253.0
10 243.0 253.0
10 243.0 253.0
10 243.0 253.0
52 385 506
99 373 499
41 384 478
11 366 432
64 399 485
87 413 573
48 405 478
26 404 509
67 418 487
40 428 505
30 427 516
91 434 535
20 458 501
25 450 518
51 456 570
71 448 530
49 482 605
55 496 613
23 497 576
13 499 524
82 526 641
83 503 667
74 501 602
35 520 626
50 531 611
83 535 624
62 531 616
77 528 652
47 564 655
44 577 625
90 558 699
12 566 642
76 596 745
99 583 762
93 595 701
37 588 701
12 614 676
97 615 727
26 637 670
41 636 712
69 660 797
29 663 761
35 639 715
27 638 673
63 678 790
62 674 771
25 665 706
56 687 756
52 719 852
54 710 770
80 703 814
12 695 771
87 726 814
45 722 788
47 738 791
22 744 833
39 765 805
65 759 835
95 757 872
22 755 847
84 781 885
44 780 860
66 789 934
61 787 888
68 806 886
65 824 892
38 813 885
53 812 883
73 841 970
91 836 965
95 848 963
82 850 952
15 872 922
67 858 997
77 872 1013
40 862 939
71 903 990
23 907 979
80 890 1017
11 898 976
10 912 925
39 923 970
17 938 981
23 933 1026
96 947 1054
72 954 1090
86 952 1067
44 939 1026
72 974 1114
74 988 1079
95 978 1145
79 974 1134
65 1016 1124
89 1014 1126
62 995 1097
56 1008 1132
27 1035 1070
54 1037 1163