200
168 1 211
142 0 299
179 0 259
164 1 183
85 4 99
192 2 223
155 7 239
58 9 232
52 310 366
90 317 439
147 177 478
17 243 280
115 394 631
51 379 571
112 332 515
107 346 532
146 313 500
150 462 668
160 425 731
176 400 604
40 642 834
151 544 716
168 540 781
76 692 869
93 655 808
155 642 927
35 615 660
71 809 888
106 839 1102
35 761 905
192 799 1011
49 716 870
21 884 1072
168 887 1105
89 827 983
188 866 1096
164 829 1011
40 1049 1199
190 970 1289
177 932 1150
64 1148 1335
191 1139 1481
122 1122 1306
54 1257 1437
187 1229 1471
45 1267 1433
152 1224 1379
61 1405 1546
99 1337 1455
67 1298 1445
109 1317 1554
127 1308 1543
45 1431 1635
12 1438 1482
169 1441 1613
104 1430 1536
112 1370 1569
130 1506 1648
127 1497 1675
125 1530 1777
70 1442 1540
93 1678 1933
32 1661 1711
110 1638 1906
30 1640 1837
144 1543 1728
37 1541 1634
139 1710 1879
66 1698 1855
150 1684 1856
108 1663 1824
167 1852 2133
78 1777 1883
93 1795 1915
70 1774 1910
155 1935 2257
36 1971 2101
175 1877 2201
98 1883 2142
181 2034 2314
106 2043 2210
106 2026 2240
180 1976 2273
11 2153 2294
160 2201 2506
181 2095 2341
74 2075 2194
35 2278 2376
128 2304 2432
139 2223 2362
178 2229 2479
96 2416 2620
119 2341 2569
166 2318 2508
42 2566 2743
169 2512 2761
44 2437 2535
196 2435 2667
28 2598 2793
58 2610 2722
175 2582 2890
91 2612 2811
118 2724 2919
197 2762 3121
76 2732 2904
64 2631 2725
102 2830 2966
152 2807 2978
20 2797 2910
159 2804 3130
30 2769 2861
177 2981 3175
16 2983 3120
44 2955 3094
17 2873 2969
194 2876 3156
173 2819 3140
79 3004 3229
179 3016 3351
11 2977 3018
27 3129 3170
32 3197 3278
25 3085 3240
87 3048 3214
37 3053 3123
92 3063 3269
166 3059 3326
178 3044 3280
90 3180 3380
170 3216 3471
117 3193 3454
183 3344 3622
51 3314 3439
112 3277 3414
151 3472 3723
138 3453 3630
199 3442 3675
120 3414 3693
20 3591 3640
55 3513 3701
193 3518 3836
163 3543 3759
18 3684 3822
76 3610 3716
101 3644 3902
26 3631 3771
156 3778 3958
162 3764 4008
177 3768 4041
128 3652 3795
106 3893 4021
70 3843 4064
158 3905 4155
171 3803 4043
127 4031 4176
199 3959 4261
160 4010 4305
92 4117 4290
62 4154 4269
24 4148 4316
180 4293 4616
139 4282 4512
100 4200 4335
188 4178 4473
12 4336 4388
145 4386 4541
157 4310 4605
43 4258 4448
193 4536 4782
158 4529 4776
133 4473 4715
138 4586 4772
110 4568 4777
98 4612 4738
84 4524 4698
156 4734 4892
199 4749 4957
108 4686 4902
117 4942 5158
137 4883 5171
19 4825 4883
193 4776 5011
60 4839 4965
42 5005 5109
86 4976 5116
19 4916 5092
69 4907 5019
175 4892 5202
155 4860 5149
105 5019 5147
150 5009 5172
22 5033 5127
196 5249 5534
147 5162 5470
174 5139 5402
121 5318 5595
197 5285 5624
194 5240 5538
193 5517 5781
34 5405 5577