250
138 0 419
130 1 400
32 0 253
57 0 374
107 7 387
25 3 311
10 5 271
89 8 435
28 111 378
49 113 498
92 114 413
93 122 554
194 98 600
187 118 508
153 105 507
106 122 512
180 111 534
36 123 429
10 104 434
191 99 534
162 395 557
108 452 560
193 338 531
29 412 441
17 384 401
162 192 354
30 323 353
89 301 390
49 202 251
89 445 534
149 197 346
161 220 381
30 367 397
132 237 369
49 460 509
117 222 339
109 421 530
193 287 480
103 305 408
93 191 284
51 970 1145
199 949 1185
52 924 1091
117 906 1076
134 1062 1292
179 1016 1212
17 1068 1230
180 1012 1301
109 1178 1399
34 1209 1296
178 1133 1414
53 1324 1416
82 1262 1422
119 1298 1535
138 1271 1488
195 1443 1678
15 1425 1566
22 1358 1474
120 1359 1509
48 1456 1625
159 1501 1806
187 1406 1719
57 1615 1756
157 1629 1848
180 1540 1763
107 1691 1889
179 1718 1997
118 1657 1822
162 1856 2097
86 1825 2041
83 1837 1989
41 1821 1892
114 1755 1922
197 1972 2230
98 1914 2063
186 2075 2384
86 2045 2170
24 2076 2173
130 1995 2157
182 2223 2550
75 2216 2332
182 2125 2383
24 2313 2349
118 2289 2482
18 2226 2339
84 2287 2419
57 2199 2323
17 2154 2203
155 2193 2434
130 2413 2617
15 2322 2457
86 2289 2450
130 2275 2448
159 2441 2611
14 2468 2530
171 2448 2734
65 2561 2656
163 2512 2766
135 2493 2717
54 2714 2852
172 2638 2943
157 2617 2793
68 2818 2957
99 2827 3020
185 2807 3010
141 2757 3038
50 2910 2973
106 2956 3103
95 2932 3162
137 2894 3177
96 3036 3151
158 3040 3249
11 2989 3075
37 2985 3065
199 3104 3419
52 3125 3212
156 3049 3276
16 3283 3401
105 3255 3397
60 3148 3248
90 3121 3266
37 3166 3253
128 3138 3369
123 3274 3516
22 3260 3322
123 3236 3502
32 3219 3277
29 3201 3305
21 3169 3298
49 3352 3508
118 3336 3542
54 3285 3453
104 3268 3386
92 3189 3401
197 3394 3620
141 3404 3581
100 3399 3549
147 3509 3795
122 3556 3695
82 3537 3699
86 3697 3882
163 3665 3868
35 3604 3740
146 3598 3855
70 3723 3921
37 3687 3744
95 3729 3885
44 3660 3813
172 3646 3954
44 3807 3871
185 3832 4094
193 3739 4033
93 4007 4214
155 3994 4200
25 3881 4008
92 3876 4050
171 4073 4280
31 4063 4150
125 3979 4215
16 4017 4062
63 4120 4192
155 4141 4386
163 4095 4368
124 4037 4229
87 4266 4358
30 4296 4440
164 4256 4531
58 4375 4576
22 4331 4401
54 4317 4500
81 4248 4340
78 4232 4337
174 4248 4545
186 4451 4645
130 4409 4635
117 4380 4597
50 4569 4740
179 4494 4680
43 4540 4728
28 4465 4510
64 4639 4844
92 4622 4772
21 4563 4725
105 4584 4763
57 4538 4662
160 4533 4695
115 4767 4983
83 4668 4780
73 4716 4870
115 4601 4716
150 4825 5099
27 4827 4885
134 4719 4870
192 4911 5215
40 4917 5085
140 4902 5097
156 4826 5104
95 5068 5193
31 5045 5090
84 4994 5106
78 4934 5041
90 5149 5251
22 5144 5230
28 5094 5206
155 5093 5260
149 4984 5149
161 5224 5448
43 5137 5210
130 5132 5310
117 5297 5504
86 5251 5349
13 5229 5315
56 5237 5377
14 5250 5334
187 5155 5463
182 5419 5624
48 5312 5435
106 5377 5604
106 5533 5688
45 5501 5617
28 5414 5583
60 5418 5498
94 5366 5492
28 5382 5478
191 5500 5764
94 5476 5636
52 5528 5644
35 5437 5563
193 5478 5805
195 5656 5981
165 5641 5892
102 5801 6019
143 5803 6058
109 5754 5902
88 5948 6056
171 5845 6065
119 5842 6066
15 5994 6022
43 6040 6103
145 5937 6223
16 5960 6071
47 5892 6008
97 5935 6042
16 6107 6204
43 6039 6184
56 6059 6203
93 5982 6113
106 5958 6209
152 5945 6167
85 6164 6335