300
40 1 190
63 0 205
197 1 228
63 0 150
73 5 176
77 6 101
56 9 182
137 8 194
148 122 320
165 42 348
164 215 487
195 224 543
102 306 469
44 263 379
13 328 401
82 237 413
138 231 429
65 370 458
87 420 593
167 390 706
18 355 381
164 534 823
182 492 752
71 437 532
24 615 689
134 581 748
143 632 799
153 574 882
89 531 761
22 743 824
200 741 1089
155 666 903
166 803 1010
123 790 943
118 820 1073
14 997 1020
112 985 1137
167 978 1221
33 865 1009
35 1130 1189
147 1045 1207
141 1015 1211
139 1057 1316
191 950 1217
135 1172 1310
133 1173 1455
186 1166 1389
159 1354 1584
51 1342 1410
183 1510 1721
153 1425 1586
151 1390 1553
61 1659 1830
188 1585 1843
62 1540 1741
84 1562 1680
25 1667 1839
112 1663 1854
45 1688 1742
196 1667 2018
39 1553 1645
157 1806 2061
124 1754 1909
165 1796 2032
85 1696 1903
26 1939 2061
149 1949 2201
188 1828 2131
116 1876 2050
100 2080 2204
69 2033 2179
89 1932 2030
169 2094 2380
146 2089 2361
99 2103 2304
173 2033 2306
180 2280 2591
117 2185 2374
73 2413 2572
66 2404 2568
192 2295 2520
53 2289 2365
151 2545 2734
149 2528 2704
81 2436 2550
160 2415 2638
89 2582 2795
146 2580 2857
173 2541 2756
136 2759 3031
137 2716 2995
99 2743 2883
27 2940 3105
51 2922 2974
95 2870 3037
176 2795 3093
156 2800 2975
138 2940 3209
195 2895 3157
42 2960 3023
79 3088 3222
42 3091 3222
67 3047 3132
119 3035 3257
31 3056 3182
15 3141 3238
28 3132 3242
15 3112 3194
34 3056 3234
191 3061 3325
164 3011 3260
68 3035 3235
141 3214 3383
115 3151 3334
159 3213 3468
185 3286 3501
41 3263 3461
57 3289 3418
12 3225 3302
122 3422 3586
112 3427 3638
110 3361 3510
105 3388 3614
156 3313 3587
160 3489 3742
24 3480 3592
162 3430 3745
69 3460 3552
38 3655 3715
117 3605 3732
142 3633 3783
88 3560 3756
53 3752 3942
169 3729 3964
28 3688 3743
124 3611 3827
131 3602 3740
87 3803 3896
79 3803 3924
197 3722 3938
48 3736 3787
46 3962 4110
102 3885 4121
35 3891 4067
101 3855 3979
149 3821 4025
46 4000 4073
111 4020 4166
197 3944 4235
17 3968 4072
87 4186 4277
184 4128 4313
28 4105 4229
86 4252 4431
122 4188 4420
79 4220 4391
99 4132 4289
119 4136 4366
138 4340 4504
124 4293 4504
12 4260 4381
140 4251 4540
126 4238 4435
16 4466 4517
195 4348 4677
141 4313 4552
30 4558 4620
127 4449 4727
191 4448 4718
21 4496 4569
39 4598 4667
166 4605 4831
95 4579 4703
96 4574 4783
12 4567 4646
159 4723 4909
40 4703 4857
118 4682 4913
49 4631 4719
169 4599 4858
113 4818 5075
119 4744 5002
132 4692 4945
74 4895 5033
68 4937 5075
191 4873 5166
155 4826 5124
26 5005 5110
120 5019 5153
162 4996 5174
140 4916 5131
41 5114 5192
114 5129 5327
49 5113 5261
15 5096 5155
191 5190 5506
115 5191 5335
149 5168 5371
82 5130 5273
85 5351 5531
157 5377 5643
18 5305 5424
173 5309 5514
50 5261 5365
182 5452 5671
196 5384 5615
192 5359 5676
94 5604 5793
25 5609 5722
185 5744 6009
107 5741 5986
44 5635 5701
164 5607 5866
91 5633 5867
148 5788 6033
63 5821 5957
132 5716 5880
150 5790 6004
25 5985 6156
100 5854 6036
107 5855 6014
55 5828 5948
193 6041 6260
158 5969 6271
170 6021 6330
174 6124 6415
127 6132 6397
125 6115 6254
27 6308 6491
70 6272 6362
28 6283 6428
35 6250 6365
75 6185 6281
199 6161 6491
67 6347 6421
12 6360 6471
161 6301 6519
53 6204 6315
16 6478 6524
160 6432 6720
122 6362 6581
61 6369 6505
11 6299 6432
96 6548 6708
83 6541 6682
63 6493 6630
35 6464 6569
115 6417 6651
110 6431 6604
118 6538 6806
91 6544 6645
45 6494 6676
90 6524 6647
36 6488 6569
89 6685 6898
159 6582 6838
134 6649 6819
153 6535 6713
105 6753 6864
11 6779 6919
20 6699 6783
136 6650 6831
150 6685 6856
141 6847 7042
164 6782 6972
23 6820 6898
113 6966 7200
71 6936 7027
140 6967 7216
34 6914 7036
173 6928 7204
119 7086 7320
117 6988 7108
57 6981 7058
110 7161 7273
35 7203 7323
116 7164 7410
81 7109 7244
175 7067 7392
143 7041 7279
100 7296 7446
177 7224 7493
63 7188 7372
171 7411 7725
95 7326 7426
161 7395 7714
114 7560 7762
126 7523 7777
44 7439 7622
113 7630 7837
36 7628 7787
156 7591 7900
112 7564 7738
131 7482 7651
121 7775 8050
165 7720 7959
195 7713 7954
161 7822 7992
10 7793 7825
133 7790 8037