350
201 0 683
276 10 307
28 469 522
42 511 615
17 528 635
140 668 822
178 846 1050
26 872 952
72 944 1025
186 1130 1373
207 0 628
260 10 272
91 469 584
62 531 639
14 545 596
10 555 580
64 619 728
76 695 848
34 729 787
109 838 1030
244 0 704
211 10 275
183 469 699
112 581 789
182 763 957
68 831 986
157 988 1181
81 1069 1188
54 1123 1193
60 1183 1319
228 0 698
209 10 225
18 469 538
188 657 925
75 732 862
110 842 999
195 1037 1268
184 1221 1416
51 1272 1337
160 1432 1610
162 1287 1455
159 922 1089
88 1204 1299
138 1562 1706
18 1332 1350
60 938 1003
115 1256 1375
126 1687 1822
15 1338 1354
182 985 1170
134 1261 1404
200 1778 1979
160 1342 1502
81 1063 1153
55 1272 1332
66 1922 1992
51 1356 1407
30 1122 1155
153 1311 1464
87 1977 2073
43 1376 1423
49 1128 1185
92 1395 1490
150 2053 2209
191 1379 1573
107 1150 1261
55 1440 1503
160 2147 2313
195 1518 1718
139 1183 1326
75 1463 1543
12 2148 2160
185 1693 1878
106 1297 1405
104 1497 1610
119 2149 2274
44 1867 1919
89 1309 1407
86 1569 1664
41 2256 2304
135 1900 2035
66 1364 1430
137 1581 1727
36 2277 2318
63 1926 1990
88 1378 1475
123 1693 1817
65 2286 2358
102 1958 2065
155 1450 1611
95 1697 1799
190 2295 2491
178 2011 2198
95 1586 1688
198 1726 1928
189 2456 2653
35 2021 2064
192 1607 1808
177 1789 1967
147 2630 2779
145 2023 2172
199 1657 1856
127 1836 1967
172 2656 2836
61 2089 2151
101 1737 1844
106 1894 2005
169 2685 2858
10 2097 2110
191 1828 2028
102 1934 2044
42 2729 2777
197 2098 2297
30 1934 1968
40 2002 2049
60 2754 2822
42 2152 2199
66 1938 2004
42 2017 2059
97 2778 2876
87 2164 2256
188 1985 2178
42 2018 2062
17 2834 2855
30 2239 2271
193 2038 2238
189 2034 2226
56 2839 2903
193 2246 2444
184 2144 2334
91 2151 2250
48 2862 2913
156 2337 2495
128 2280 2417
176 2202 2380
123 2875 2999
60 2342 2405
10 2326 2343
152 2369 2528
99 2905 3007
18 2349 2368
144 2327 2472
85 2443 2531
29 2945 2981
200 2354 2556
168 2387 2555
183 2516 2703
142 2961 3111
185 2466 2652
122 2535 2665
122 2575 2706
196 3027 3224
81 2503 2590
31 2586 2625
64 2586 2652
15 3155 3175
89 2534 2630
93 2602 2700
57 2630 2693
94 3157 3259
158 2555 2716
26 2639 2671
82 2668 2756
96 3180 3283
175 2605 2789
98 2644 2745
137 2674 2815
44 3232 3284
183 2632 2816
100 2686 2787
35 2702 2739
31 3234 3271
150 2692 2845
119 2758 2879
114 2723 2844
54 3235 3293
37 2732 2775
179 2812 3000
174 2807 2989
81 3247 3333
113 2743 2861
163 2820 2992
104 2855 2960
137 3292 3430
74 2823 2906
189 2963 3152
19 2868 2896
137 3326 3468
44 2837 2889
142 3011 3162
48 2877 2933
110 3365 3484
113 2844 2959
194 3071 3270
140 2888 3033
37 3418 3455
78 2895 2973
56 3256 3318
40 2914 2958
25 3442 3467
113 2927 3044
99 3259 3362
196 2923 3123
172 3450 3623
25 2999 3032
183 3311 3495
131 2937 3071
97 3464 3568
195 3011 3212
72 3399 3479
110 3032 3151
87 3545 3641
75 3076 3151
99 3448 3549
148 3052 3206
161 3566 3735
165 3077 3249
39 3483 3529
81 3104 3190
161 3591 3755
150 3152 3307
19 3509 3534
149 3113 3266
97 3600 3703
55 3210 3271
38 3514 3556
124 3145 3271
34 3632 3666
12 3227 3244
110 3533 3644
108 3215 3325
200 3657 3866
67 3229 3302
92 3615 3715
98 3247 3354
16 3796 3815
78 3248 3335
154 3682 3842
40 3274 3316
68 3798 3869
11 3278 3290
146 3747 3895
78 3295 3380
21 3831 3852
13 3280 3293
193 3805 4001
111 3316 3427
103 3840 3944
90 3283 3382
169 3975 4153
53 3339 3398
40 3871 3916
82 3330 3419
97 4074 4175
188 3380 3571
28 3889 3925
187 3331 3527
167 4133 4305
104 3498 3604
185 3903 4088
54 3505 3564
198 4198 4403
91 3520 3611
199 4049 4253
78 3531 3614
121 4253 4377
13 3595 3616
162 4123 4289
28 3553 3586
46 4318 4366
104 3599 3706
176 4181 4361
149 3564 3718
155 4326 4483
66 3666 3739
57 4325 4386
90 3691 3783
165 4470 4643
194 3669 3872
112 4357 4478
78 3750 3835
139 4489 4631
186 3730 3920
42 4420 4467
194 3801 3996
84 4498 4583
58 3763 3825
91 4435 4533
103 3874 3979
51 4517 4572
11 3804 3820
116 4516 4637
151 3948 4106
30 4547 4580
183 3805 3990
125 4604 4736
197 4019 4223
77 4555 4641
133 3939 4079
94 4715 4818
10 4073 4086
115 4615 4730
57 4040 4099
106 4794 4908
144 4074 4227
185 4624 4811
151 4041 4195
126 4814 4947
130 4111 4248
161 4729 4895
81 4101 4183
123 4824 4954
50 4218 4272
158 4752 4917
71 4169 4242
72 4917 4989
50 4259 4311
35 4790 4832
178 4185 4368
32 4940 4980
185 4293 4479
19 4802 4823
188 4354 4551
48 4963 5018
59 4429 4494
70 4806 4885
141 4462 4610
112 4965 5080
59 4433 4499
133 4833 4970
180 4559 4739
114 5057 5179
93 4442 4537
121 4884 5012
194 4565 4764
51 5116 5171
14 4469 4485
176 4925 5101
56 4607 4672
144 5134 5282
127 4471 4606
94 5067 5170
81 4652 4738
15 5269 5291
148 4500 4651
76 5105 5190
98 4668 4770
179 5272 5452
164 4560 4725
200 5165 5374