400
19 0 240
24 1 62
252 0 253
113 1 163
155 5 387
37 8 48
96 8 265
300 5 539
177 131 326
171 347 567
54 266 323
113 180 431
111 203 357
144 235 487
57 434 531
62 373 638
66 326 621
265 372 651
232 274 530
187 325 702
147 558 906
123 554 882
147 528 874
14 763 821
45 613 864
180 601 960
154 624 778
93 579 884
127 611 751
299 786 1156
28 729 790
290 767 1275
296 668 1121
104 1024 1272
111 971 1173
43 931 995
258 843 1211
69 1132 1269
180 1055 1444
46 990 1077
91 1039 1289
158 1053 1339
223 1228 1581
92 1166 1339
267 1235 1515
279 1149 1536
226 1463 1706
59 1429 1621
181 1330 1580
238 1543 1823
36 1599 1843
185 1595 2011
154 1448 1803
200 1677 2013
130 1740 1876
297 1737 2166
65 1646 1797
18 1935 2119
210 1915 2192
203 1919 2195
89 1854 2099
127 2066 2358
174 2025 2397
259 2018 2289
140 1946 2189
230 2241 2655
58 2216 2314
110 2202 2434
250 2122 2429
246 2041 2415
146 2347 2598
261 2369 2671
223 2293 2536
191 2592 2847
66 2507 2781
200 2455 2878
264 2799 3146
105 2645 2885
202 2700 3077
207 2573 2912
174 2904 3278
243 2859 3186
223 2888 3256
229 3161 3512
178 3080 3485
296 3107 3529
220 3251 3702
245 3215 3669
45 3528 3594
298 3421 3858
230 3459 3801
228 3487 3937
70 3797 4041
288 3687 4087
127 3644 3801
190 3958 4187
284 3922 4271
34 3829 3894
172 4082 4373
145 4094 4389
228 4100 4378
102 4020 4357
281 4246 4698
233 4135 4511
109 4183 4369
123 4498 4798
122 4391 4604
48 4300 4445
25 4274 4445
282 4363 4703
143 4181 4474
26 4572 4806
247 4547 5011
138 4442 4802
25 4482 4670
292 4675 5183
288 4575 5029
101 4638 4852
297 4876 5174
33 4792 4875
108 4770 4927
240 4751 5015
121 4676 4945
82 4958 5134
50 4919 4969
70 4932 5082
202 4890 5094
10 4851 5042
287 5081 5410
43 5077 5309
27 5066 5251
271 5076 5503
59 5037 5211
124 5237 5529
217 5248 5566
233 5210 5480
46 5069 5198
15 5409 5616
144 5385 5723
229 5372 5776
51 5229 5491
69 5202 5338
283 5241 5595
80 5163 5308
289 5464 5977
244 5441 5688
299 5428 5935
278 5610 6029
251 5646 6045
221 5865 6091
60 5863 5939
286 5885 6326
141 6048 6318
86 6007 6096
62 5959 6059
167 5888 6113
57 5876 6077
271 6217 6568
194 6111 6536
179 6085 6334
153 6355 6634
243 6323 6758
253 6287 6602
293 6223 6653
132 6616 6907
201 6521 6741
292 6597 6930
40 6869 6972
46 6728 6827
244 6711 7058
271 6726 7056
171 6896 7207
180 6875 7146
224 6861 7194
200 7175 7542
175 7113 7372
289 7080 7541
29 7283 7319
108 7346 7469
160 7301 7656
160 7167 7374
282 7515 7933
102 7502 7763
268 7346 7847
123 7310 7512
114 7734 7978
165 7702 8030
225 7638 7901
230 7602 7972
294 7917 8325
107 7759 8084
160 8062 8385
262 7962 8242
120 7987 8141
262 7975 8299
27 8266 8405
266 8209 8666
39 8059 8297
115 8372 8583
210 8378 8612
253 8348 8702
169 8208 8407
128 8499 8684
23 8516 8572
156 8505 8793
237 8435 8814
75 8324 8577
59 8615 8895
220 8632 8948
264 8625 9072
34 8539 8585
171 8884 9107
300 8815 9333
255 8840 9165
216 8684 9072
271 9001 9272
256 9072 9548
184 9233 9491
198 9150 9426
132 9118 9369
86 9365 9589
154 9333 9600
133 9319 9669
19 9273 9387
88 9317 9471
237 9274 9566
158 9506 9846
184 9424 9683
49 9372 9617
178 9331 9729
130 9274 9583
14 9712 9773
120 9669 9973
95 9556 9827
160 9582 9855
206 9576 9835
199 9752 10172
38 9769 9905
120 9672 9966
199 9707 10111
235 9666 10133
57 9925 10170
236 9814 10072
39 9872 9948
230 10039 10452
265 10034 10497
115 10066 10359
96 9972 10231
232 10187 10457
141 10224 10590
239 10137 10589
118 10116 10333
215 10377 10672
122 10396 10693
236 10360 10622
199 10374 10784
246 10574 11030
284 10477 10955
243 10573 10892
269 10770 11185
89 10784 10942
270 10967 11298
70 10960 11079
200 11029 11229
29 10901 10961
227 11180 11417
83 11132 11357
138 11121 11318
291 11073 11448
21 11063 11132
252 11279 11666
279 11307 11638
211 11301 11647
144 11452 11710
182 11447 11725
214 11383 11813
248 11692 11952
67 11656 11959
133 11565 11890
175 11514 11714
206 11780 12120
225 11853 12254
172 11785 12162
121 12123 12435
168 12015 12332
262 11925 12277
32 11905 11944
38 12162 12394
33 12259 12493
82 12155 12416
293 12064 12458
14 12037 12112
189 12036 12377
194 12338 12697
159 12180 12435
138 12238 12512
134 12140 12380
236 12503 12972
124 12467 12809
64 12280 12374
43 12376 12641
42 12268 12507
189 12590 12866
31 12452 12639
123 12526 12795
95 12362 12507
274 12381 12748
112 12424 12646
115 12666 12912
93 12564 12841
149 12498 12844
159 12611 12957
269 12480 12961
170 12693 13017
134 12705 13074
18 12725 12754
37 12917 12960
189 12950 13182
133 12864 13126
156 12850 13168
179 12782 13172
185 12678 13039
108 13023 13221
289 13049 13562
250 12923 13345
68 13159 13367
105 13247 13472
16 13106 13321
168 13130 13392
138 12999 13294
287 13306 13770
223 13342 13694
96 13297 13477
192 13614 13877
89 13578 13812
130 13488 13720
48 13487 13700
19 13316 13487
232 13325 13649
116 13324 13487
67 13693 13825
35 13552 13722
252 13532 13888
188 13474 13845
262 13729 14010
249 13643 13903
103 13681 13874
43 13985 14221
179 13967 14360
254 13860 14308
97 13810 14063
141 14179 14523
164 14000 14284
287 14085 14579
55 14041 14285
61 14223 14303
109 14203 14370
30 14144 14328
77 14136 14289
51 14143 14197
85 14086 14175
223 14024 14464
232 14078 14463
113 14368 14668
23 14216 14278
55 14271 14430
11 14187 14299
244 14117 14415
274 14046 14330
281 14392 14832
121 14331 14526
250 14539 14804
295 14618 14989
117 14520 14683
84 14823 15029
158 14837 15203
93 14671 14849
249 14646 14900
126 14656 14920
256 14917 15191
80 14979 15092
229 14938 15250
246 15108 15575
82 15087 15252
228 14950 15305
160 14971 15366
289 15291 15610
77 15203 15321
257 15290 15718
265 15505 15887
110 15412 15684
256 15406 15803
173 15640 15847
13 15572 15762
220 15603 15862
102 15492 15713
261 15884 16352
240 15813 16062
266 15827 16236
16 16086 16340