450
277 1 339
202 1 354
148 1 157
289 0 451
66 7 116
128 9 341
210 7 295
51 9 272
300 308 608
300 308 608
300 308 608
300 308 608
10 458.0 468.0
10 458.0 468.0
10 458.0 468.0
10 458.0 468.0
10 468.0 478.0
10 468.0 478.0
10 468.0 478.0
10 468.0 478.0
10 478.0 488.0
10 478.0 488.0
10 478.0 488.0
10 478.0 488.0
10 488.0 498.0
10 488.0 498.0
10 488.0 498.0
10 488.0 498.0
10 498.0 508.0
10 498.0 508.0
10 498.0 508.0
10 498.0 508.0
10 508.0 518.0
10 508.0 518.0
10 508.0 518.0
10 508.0 518.0
10 518.0 528.0
10 518.0 528.0
10 518.0 528.0
10 518.0 528.0
10 528.0 538.0
10 528.0 538.0
10 528.0 538.0
10 528.0 538.0
10 538.0 548.0
10 538.0 548.0
10 538.0 548.0
10 538.0 548.0
10 548.0 558.0
10 548.0 558.0
10 548.0 558.0
10 548.0 558.0
18 562 630
87 616 844
105 577 852
82 584 696
127 668 859
20 663 797
22 693 922
247 695 1174
16 740 969
288 739 1175
80 754 1050
184 772 1018
22 817 894
264 841 1268
199 841 1166
21 832 1085
75 903 1011
201 884 1291
131 938 1225
215 886 1140
223 987 1330
153 1013 1312
116 1016 1361
223 1018 1377
283 1079 1447
255 1027 1510
253 1103 1480
235 1054 1498
72 1131 1333
131 1179 1529
213 1167 1495
17 1169 1392
249 1198 1552
208 1223 1660
73 1252 1381
149 1235 1588
148 1307 1468
219 1342 1588
284 1342 1853
150 1265 1578
159 1347 1550
134 1392 1736
200 1379 1732
213 1417 1680
193 1449 1808
27 1475 1509
186 1492 1692
191 1467 1760
199 1504 1925
223 1507 1958
151 1542 1780
47 1573 1677
232 1628 2092
28 1638 1872
129 1613 1902
237 1608 1879
234 1661 1898
87 1731 1952
21 1675 1850
76 1669 1780
57 1797 1873
133 1799 2144
89 1782 1986
94 1764 2058
85 1882 2090
79 1867 2126
246 1875 2355
12 1877 1971
74 1900 1999
252 1934 2339
181 1924 2280
42 1963 2153
198 2034 2425
293 1981 2297
95 2015 2154
284 1997 2467
85 2125 2309
50 2078 2294
100 2092 2205
141 2127 2471
165 2211 2419
233 2183 2519
251 2146 2578
246 2187 2515
26 2263 2302
289 2225 2661
63 2231 2483
282 2231 2558
128 2368 2520
249 2367 2708
129 2333 2599
220 2369 2754
68 2422 2546
161 2405 2796
173 2436 2835
204 2447 2848
237 2487 2956
167 2486 2769
192 2484 2726
83 2459 2690
296 2583 3024
186 2545 2958
39 2573 2674
298 2542 3045
249 2660 3050
268 2677 3118
77 2684 2817
287 2643 3133
36 2733 2843
20 2701 2817
19 2749 2841
31 2704 2930
201 2827 3111
105 2784 2934
180 2838 3081
205 2799 3097
277 2905 3186
116 2898 3197
83 2892 3169
216 2889 3173
125 2991 3270
298 2935 3465
132 3005 3369
268 2956 3375
224 3032 3334
182 3089 3355
68 3025 3139
244 3057 3497
115 3148 3428
38 3165 3311
87 3122 3393
16 3101 3322
101 3179 3298
225 3189 3507
276 3248 3756
50 3250 3464
40 3300 3442
286 3297 3741
61 3267 3519
247 3308 3763
276 3359 3727
158 3356 3713
158 3347 3688
272 3344 3763
200 3479 3884
33 3419 3518
277 3461 3834
44 3415 3529
154 3517 3812
118 3504 3799
195 3511 3860
199 3544 3905
174 3638 3852
126 3619 3935
198 3593 3906
95 3573 3901
83 3680 3823
32 3713 3851
283 3688 4178
278 3652 4065
281 3739 4154
31 3763 3945
234 3750 4064
239 3803 4135
53 3851 4037
171 3845 4096
182 3831 4140
105 3821 4054
97 3963 4128
150 3961 4113
84 3952 4125
34 3924 4093
197 3982 4364
183 4025 4308
174 3980 4304
277 4013 4461
16 4072 4204
58 4065 4301
181 4072 4405
288 4058 4447
82 4189 4368
12 4161 4223
157 4168 4523
266 4139 4510
175 4274 4558
182 4231 4497
299 4255 4591
243 4255 4562
249 4320 4626
29 4346 4607
241 4342 4740
293 4298 4599
217 4431 4697
119 4440 4654
86 4433 4569
274 4376 4786
17 4497 4546
84 4480 4657
200 4498 4718
123 4472 4743
26 4585 4809
138 4545 4912
68 4554 4722
132 4598 4893
159 4670 5061
160 4680 4892
266 4679 5170
37 4640 4913
208 4739 5152
200 4748 5075
177 4752 5008
59 4759 5048
153 4803 5146
267 4776 5061
202 4781 5081
166 4771 5136
254 4847 5140
20 4843 4925
183 4909 5275
42 4863 5138
38 4927 5127
242 4994 5461
156 4948 5181
146 4950 5332
258 5050 5431
246 5060 5526
277 5066 5468
43 5042 5154
18 5134 5264
211 5087 5416
100 5099 5310
148 5109 5313
107 5172 5348
142 5226 5401
180 5226 5501
72 5203 5304
266 5301 5757
263 5309 5771
123 5253 5452
261 5267 5650
160 5327 5506
190 5351 5643
225 5380 5792
41 5323 5566
278 5432 5887
199 5442 5805
176 5435 5626
145 5426 5610
73 5504 5609
179 5490 5888
30 5526 5643
52 5494 5674
263 5565 5955
75 5630 5743
147 5572 5811
213 5615 6037
76 5705 5799
161 5666 5908
122 5650 5949
287 5646 6082
124 5786 6042
254 5794 6262
30 5720 5897
123 5749 6011
158 5852 6050
235 5833 6250
35 5848 6080
235 5843 6277
191 5879 6126
274 5928 6271
195 5887 6115
44 5922 6118
56 5982 6156
194 6035 6338
150 5991 6292
235 5971 6365
31 6071 6208
241 6057 6381
36 6096 6148
166 6062 6285
141 6168 6507
63 6137 6272
148 6169 6351
55 6152 6317
170 6204 6418
248 6195 6515
41 6267 6395
255 6207 6669
53 6294 6376
78 6275 6508
93 6294 6402
166 6296 6516
138 6406 6712
155 6407 6766
134 6430 6749
163 6355 6738
188 6474 6822
194 6503 6790
231 6466 6757
155 6477 6855
180 6539 6784
96 6566 6791
172 6569 6746
200 6556 6845
276 6604 7071
211 6620 6972
146 6627 6800
282 6639 7030
119 6685 7011
280 6690 7163
219 6690 7016
138 6732 6879
244 6796 7050
205 6789 7207
80 6789 7001
220 6826 7093
111 6893 7076
39 6864 6941
100 6899 7086
27 6882 7050
83 6917 7171
261 6946 7384
58 6948 7052
226 6979 7277
236 7012 7253
16 7011 7170
173 7068 7275
296 7052 7509
249 7087 7443
241 7142 7411
186 7084 7364
147 7147 7500
248 7218 7528
172 7194 7488
205 7223 7579
262 7160 7620
72 7252 7558
273 7250 7728
32 7257 7481
111 7258 7375
171 7335 7706
172 7325 7709
110 7336 7562
222 7367 7667
75 7464 7604
282 7410 7701
167 7455 7808
231 7398 7684
55 7480 7555
118 7485 7837
176 7486 7701
117 7538 7738
190 7566 7837
75 7576 7765
179 7561 7762
34 7587 7660
244 7692 7965
291 7680 8128
191 7651 8028
241 7687 8040
78 7747 8007
35 7773 7909
154 7749 7940
260 7711 8204
97 7828 8108
73 7841 7983
264 7799 8132
186 7787 8059
72 7894 8066
17 7887 8039
96 7869 8164
175 7879 8249
283 7983 8451
285 7986 8503
35 7987 8121
49 7997 8175
289 8060 8379
294 8071 8385
194 8061 8287
218 8032 8476
254 8156 8467
204 8111 8550
94 8171 8480
155 8182 8411
43 8204 8269
245 8239 8554
115 8223 8369
215 8194 8436
225 8335 8730
271 8293 8670
31 8279 8423
112 8291 8418
231 8395 8702
117 8415 8677
124 8408 8547
30 8362 8558
291 8464 8976
116 8461 8716