50
36 1 40
97 1 139
36 0 61
11 1 17
69 2 75
99 9 121
56 2 92
11 7 32
39 111 181
32 113 171
16 88 129
45 85 140
18 80 135
78 109 211
31 101 162
64 123 223
64 89 193
19 184 244
100 153 286
85 174 287
78 235 349
86 219 345
28 299 337
43 266 318
43 260 343
30 268 331
10 353 370
16 323 356
29 315 356
97 321 439
68 316 406
20 375 425
27 383 423
51 365 440
21 336 383
21 422 478
55 432 516
75 384 468
69 372 460
82 378 497
21 460 488
87 481 586
15 469 494
48 521 575
37 500 565
31 522 566
10 487 525
34 578 653
25 555 589
13 524 580