500
51 0 265
240 0 313
55 0 102
18 0 30
14 3 123
197 8 387
106 8 304
196 6 387
153 68 236
102 139 416
234 79 444
137 253 542
19 236 388
133 249 684
263 229 666
167 191 655
105 425 722
180 425 740
134 390 782
64 338 511
283 560 942
158 540 787
24 548 826
284 517 854
185 612 1092
198 590 936
275 612 900
299 871 1185
186 788 993
14 811 974
139 1149 1574
86 1078 1379
187 1001 1207
240 991 1295
169 948 1330
69 1197 1363
281 1248 1643
158 1124 1567
180 1355 1821
155 1369 1584
285 1291 1838
36 1244 1320
285 1548 2001
266 1564 2127
115 1567 1880
92 1793 2032
300 1798 2201
289 1660 2103
128 1657 1890
237 2033 2399
55 1841 1991
109 2209 2400
139 2138 2455
224 2031 2523
127 2029 2165
257 1961 2422
22 2200 2369
161 2164 2597
11 2245 2256
176 2170 2627
205 2063 2528
216 2319 2846
203 2271 2566
43 2366 2656
256 2324 2591
177 2474 2886
238 2526 2941
246 2450 2764
186 2758 3021
138 2763 3140
269 2686 3118
107 2694 3040
142 2906 3233
122 2888 3090
76 2880 3177
60 2900 3186
227 3128 3463
53 3000 3255
173 3038 3344
139 2904 3317
141 2907 3085
61 3178 3397
130 3098 3489
219 3054 3508
247 3072 3539
266 3030 3503
107 3359 3556
106 3374 3518
100 3350 3740
289 3466 3785
276 3424 3826
221 3494 3989
135 3670 4110
278 3648 4090
157 3616 4066
112 3949 4089
270 3823 4241
162 3806 4092
135 3844 4298
10 4095 4266
104 4040 4209
212 4049 4399
109 4001 4152
139 3935 4095
107 4243 4635
232 4112 4423
197 4043 4540
128 4152 4405
121 4372 4498
298 4343 4842
267 4221 4599
144 4224 4500
35 4525 4715
241 4458 4943
243 4540 4854
233 4729 5251
277 4713 5171
291 4594 4889
202 5016 5491
205 4823 5254
46 4899 5118
275 5228 5657
177 5088 5297
43 4998 5217
269 5397 5894
183 5223 5621
161 5289 5720
21 5182 5273
36 5538 5741
153 5514 5777
292 5399 5949
162 5366 5562
98 5323 5488
51 5633 5767
290 5580 6177
20 5574 5842
171 5416 5679
86 5378 5566
100 5723 5857
218 5663 6172
215 5697 6144
133 5551 5971
48 5864 6092
40 5918 6096
261 5836 6311
191 5743 6018
279 5674 5969
291 6062 6619
294 5936 6370
190 6212 6567
208 6112 6527
198 6229 6728
28 6436 6744
81 6329 6641
51 6395 6530
109 6305 6430
272 6358 6857
183 6193 6570
141 6512 6959
10 6537 6600
269 6491 6805
65 6444 6622
279 6642 6961
117 6668 7053
23 6583 6675
191 6596 6800
234 6513 7002
44 6842 6920
99 6837 7189
15 6783 7073
102 6685 7099
149 6616 6818
280 6695 7178
135 6885 7073
224 6821 7201
98 6882 7084
69 7084 7180
130 7057 7445
255 7041 7517
97 7054 7249
31 7266 7390
132 7130 7408
286 7150 7645
213 7095 7408
288 7061 7474
85 7329 7685
169 7411 7888
99 7275 7453
125 7530 7813
22 7529 7769
250 7536 7909
104 7477 7709
185 7410 7790
58 7666 7861
260 7698 8138
47 7555 7828
71 7528 7757
18 7578 7696
282 7848 8173
45 7819 7930
65 7666 7847
73 7719 7899
20 7624 7953
60 7563 7918
206 7641 7999
129 7551 7733
276 7843 8232
110 7720 7931
192 7799 8209
111 7925 8269
219 7913 8295
225 7982 8288
85 7879 8155
300 8171 8501
298 8195 8758
248 8109 8393
35 8424 8516
263 8401 8789
184 8375 8709
21 8560 8587
75 8532 8920
295 8486 9060
12 8516 8619
271 8348 8828
252 8387 8726
185 8686 8950
223 8671 9119
118 8898 9089
64 8796 8972
103 8840 9222
173 8844 9040
80 8812 8997
287 8951 9441
165 9003 9377
250 8888 9292
295 8850 9359
281 9201 9598
104 9206 9385
96 9504 9707
121 9452 9617
282 9376 9817
168 9294 9722
101 9609 9722
74 9492 9567
77 9514 9606
164 9415 9817
261 9455 9883
290 9739 10093
84 9626 9883
296 9555 9914
247 9926 10386
242 9825 10200
230 9844 10231
285 10188 10677
84 10017 10249
178 10388 10619
18 10341 10619
39 10332 10646
150 10222 10664
90 10141 10423
129 10135 10437
132 10155 10553
259 10351 10613
285 10353 10820
294 10365 10797
191 10648 11068
146 10541 10975
186 10563 10967
221 10858 11278
182 10738 11081
81 10720 11107
75 10941 11314
247 10898 11445
284 10841 11175
202 10943 11358
111 11193 11503
128 11145 11391
289 11072 11606
273 10998 11386
193 11321 11634
88 11332 11673
296 11512 11954
105 11506 11758
61 11461 11565
265 11451 11776
68 11357 11492
175 11664 12140
196 11606 11867
100 11649 11820
135 11897 12264
40 11744 11867
20 11846 11906
27 11702 12023
158 11698 12087
230 11609 11940
63 11578 11719
228 11878 12422
187 11824 12200
234 11904 12262
105 11763 12039
36 12072 12335
265 12024 12593
237 11983 12299
54 12022 12110
133 12219 12464
240 12257 12781
191 12153 12418
223 12194 12691
290 12483 12795
92 12348 12579
178 12385 12677
230 12583 12832
204 12605 13081
213 12526 12938
15 12872 13191
273 12766 13178
214 12723 12938
162 12592 13061
73 12972 13184
292 12927 13477
270 12860 13236
164 13201 13643
55 13094 13390
145 12997 13247
130 13017 13408
207 13291 13656
92 13278 13490
256 13187 13577
284 13185 13778
173 13483 13786
91 13419 13620
168 13437 13761
244 13316 13607
31 13711 13969
149 13567 14016
272 13584 14144
268 13462 13921
262 13848 14318
140 13707 14030
298 14013 14591
213 13945 14179
260 14017 14460
115 14269 14587
57 14190 14444
219 14130 14594
193 14164 14433
94 14381 14512
243 14373 14748
164 14385 14716
80 14245 14541
255 14572 14970
52 14618 14736
208 14429 14826
151 14415 14863
230 14728 15275
189 14697 15203
112 14710 15102
86 14958 15187
249 14847 15153
162 14896 15322
140 14811 14999
59 14791 15074
252 15061 15542
100 15077 15324
200 14957 15461
163 14861 15191
299 15231 15672
295 15189 15682
246 15148 15640
268 15399 15704
148 15338 15805
275 15617 16138
234 15643 16057
246 15593 15976
227 15834 16235
52 15836 15907
227 15807 16210
185 15712 16108
249 16007 16435
191 16045 16295
228 15886 16225
91 16181 16316
195 16141 16642
65 16230 16469
232 16453 16685
154 16318 16780
196 16266 16506
266 16326 16721
70 16545 16807
10 16506 16801
15 16497 16637
110 16490 16707
258 16454 16842
136 16316 16526
37 16700 16762
125 16701 16944
226 16583 17066
114 16541 16842
207 16787 17240
99 16765 17086
30 16684 16745
32 16640 16920
254 16651 17201
88 16678 16901
203 16893 17247
278 16943 17292
221 16857 17099
119 17168 17526
18 17121 17345
217 16945 17311
52 16940 17261
128 17005 17262
106 17271 17467
64 17127 17330
223 17187 17584
66 17110 17362
190 17109 17365
54 16946 17282
298 17238 17753
183 17271 17663
44 17237 17384
236 17566 18060
129 17501 17705
211 17385 17853
206 17447 17889
299 17690 18115
187 17669 18143
200 17537 17988
55 17789 18089
160 17800 18140
299 17789 18370
162 17746 18162
145 17989 18219
188 17940 18208
49 18016 18251
69 17841 18130
186 18206 18613
59 18198 18403
204 18031 18346
201 17984 18205
132 18066 18237
271 18370 18805
34 18280 18445
228 18208 18716
172 18192 18564
140 18537 18895
35 18462 18560
84 18408 18772
199 18359 18690
223 18291 18769
174 18589 18946
93 18561 18808
238 18502 18794
164 18536 18916
102 18829 19187
244 18706 19116
68 18765 18892
16 19018 19136
59 18871 19082
273 18942 19308
13 18861 19070
48 18830 19094
110 18762 19166
115 18645 18857
225 18895 19182
242 18927 19475
198 18839 19070
23 18829 18979
71 19197 19320
45 19170 19366
127 19023 19181
44 19091 19277
77 19055 19186
55 18887 19228
47 18866 18921
278 18944 19338
143 19127 19535
110 19025 19168
231 19094 19529
266 19027 19567
105 19386 19809
88 19205 19598
220 19205 19661
233 19253 19490
208 19451 19967
236 19425 19970
103 19381 19687
282 19673 20034
107 19593 19897
125 19684 19873
99 19869 20223
209 19830 20241
215 19809 20277
204 19789 20291
45 20074 20387
53 19969 20261
84 19960 20196
124 19958 20163
74 19787 19865
210 19826 20196