200
10 637 655
19 343 371
16 596 619
19 37 61
15 280 304
16 448 469
15 559 582
18 64 91
14 85 107
18 180 204
16 83 107
10 484 503
19 201 225
11 264 283
15 407 427
12 104 121
15 102 124
16 482 507
18 733 758
14 187 210
12 246 265
11 707 726
11 590 610
18 648 671
18 76 103
19 41 69
19 352 380
11 347 366
16 576 600
14 355 378
10 407 422
17 467 491
13 688 710
19 258 284
18 718 744
19 447 474
15 184 208
13 532 552
19 725 751
11 259 278
13 190 208
15 63 84
12 221 241
12 605 623
18 541 564
19 618 645
17 699 722
13 633 654
17 354 380
15 174 194
17 75 100
19 590 615
18 359 385
11 143 162
18 716 741
17 425 451
12 174 194
19 547 573
18 250 275
18 228 252
13 156 176
10 648 667
17 173 199
18 322 347
11 384 401
16 146 169
19 247 271
17 558 581
11 156 173
19 227 255
10 295 310
15 560 581
16 280 302
14 506 528
17 419 444
15 299 320
15 379 402
14 596 615
18 187 210
12 723 742
11 25 43
18 476 502
12 56 76
10 598 613
11 97 115
10 250 265
17 278 304
13 486 505
11 51 71
17 742 767
13 704 725
16 421 443
19 132 159
11 356 375
14 734 757
11 730 747
19 716 742
14 235 254
10 542 560
10 126 144
15 676 700
12 91 111
15 676 697
11 434 451
17 76 100
13 573 591
18 724 750
14 445 464
19 423 449
19 389 416
17 422 446
11 662 682
19 119 145
19 692 717
11 515 532
12 206 223
11 197 216
10 271 287
15 170 191
12 462 481
19 267 291
10 129 144
10 138 157
18 390 417
11 475 494
14 350 373
19 374 398
10 445 461
10 63 82
11 395 414
13 49 67
15 730 754
14 700 721
18 203 229
19 418 442
13 30 48
13 30 48
19 396 424
17 689 712
13 443 463
18 39 64
14 590 609
14 360 381
17 372 394
15 536 557
17 353 379
19 57 82
18 211 234
19 614 638
16 217 240
12 664 683
18 135 159
17 560 584
12 280 299
16 739 761
10 513 530
17 620 643
18 592 616
13 212 234
19 673 698
11 465 481
16 475 497
15 145 166
15 419 442
16 156 181
16 554 578
10 664 682
10 176 195
15 428 451
18 95 119
15 98 120
14 682 702
14 675 695
11 672 688
13 532 552
12 466 485
18 279 302
15 579 602
10 155 173
17 147 169
11 275 292
13 73 92
17 496 520
10 89 108
17 567 593
13 490 512
11 593 612
16 441 464
13 336 355
16 283 306
16 593 617
15 55 76
14 237 259
13 728 747
12 688 705
10 383 402
19 24 48
13 94 116
12 550 570
16 667 691
