250
11 672 688
18 281 308
11 587 603
10 891 909
11 318 336
16 17 40
12 60 77
10 180 195
12 760 781
16 51 73
11 55 73
12 492 510
13 90 110
17 181 207
14 329 351
12 710 727
16 757 779
16 512 536
19 76 102
12 168 185
16 196 221
11 416 435
12 675 696
16 452 473
15 485 507
16 596 620
11 272 289
17 871 894
19 533 560
14 848 870
17 228 250
10 192 211
12 116 136
10 707 723
12 168 187
13 424 444
18 714 740
16 120 145
15 497 520
11 461 480
15 162 183
17 542 565
15 845 869
18 242 265
16 616 639
12 259 279
12 845 863
14 458 480
18 663 688
14 911 934
16 617 642
14 850 870
17 314 338
19 279 306
12 289 308
12 691 708
15 767 789
13 551 569
19 647 673
16 385 407
19 484 512
18 767 793
18 469 494
13 492 514
19 559 587
13 529 547
19 907 932
17 260 285
19 639 667
14 489 512
10 711 728
14 693 713
13 116 136
16 642 665
15 828 850
10 722 741
18 793 818
17 758 783
14 168 190
18 542 569
13 656 677
13 677 698
12 379 397
10 862 878
12 41 60
16 560 581
12 638 658
19 798 823
11 99 115
11 272 288
18 170 197
12 475 492
12 26 46
16 531 553
15 53 77
13 477 498
19 145 170
14 45 65
12 727 747
19 676 701
11 426 443
13 425 444
15 455 479
14 532 555
11 152 171
12 270 288
16 242 266
19 838 862
12 15 32
13 302 321
17 367 390
15 661 685
16 64 85
11 736 755
16 608 630
10 902 921
19 283 310
10 233 252
11 687 705
10 372 391
12 495 516
19 749 774
12 838 855
16 511 535
16 365 389
17 881 907
19 73 100
17 500 526
14 818 839
11 790 807
18 261 286
17 329 354
14 202 223
14 608 628
11 753 771
15 247 268
18 770 796
10 887 903
16 170 194
10 775 793
15 274 298
15 527 551
16 521 544
13 328 346
16 250 274
14 116 138
13 217 235
17 425 448
14 339 361
14 894 915
17 788 812
18 726 752
16 728 753
11 711 729
14 322 343
12 178 197
11 579 598
13 385 403
11 570 588
15 482 502
15 162 183
10 724 739
12 801 822
11 257 276
16 417 440
15 541 563
17 494 516
14 273 292
15 514 538
15 654 674
15 35 59
12 778 798
11 168 188
13 547 568
15 94 114
19 310 337
17 555 580
18 301 324
17 627 650
13 787 806
15 183 206
14 500 522
12 598 615
13 901 922
16 198 221
16 911 935
15 67 89
17 767 789
12 283 303
18 627 650
14 236 255
19 338 363
18 436 460
18 122 146
10 585 601
14 746 769
13 556 577
17 66 90
11 911 927
11 155 173
13 612 632
18 31 54
13 18 37
16 672 696
11 470 489
19 909 934
15 874 895
10 111 127
19 296 323
12 586 606
15 888 911
16 371 393
19 172 198
17 473 499
19 357 382
17 262 288
16 469 493
16 316 340
14 115 134
10 645 663
15 29 53
10 243 260
19 875 899
15 357 377
18 356 382
19 447 472
12 188 205
13 804 823
19 503 527
13 184 202
16 44 65
14 102 123
11 206 223
10 52 69
10 764 780
14 666 685
11 854 870
15 723 745
16 669 692
12 137 157
18 394 418
11 544 562
11 498 514
19 458 482
19 103 129
12 845 864
16 711 732
17 464 486
19 149 174
12 718 736
