300
12 1044 1064
18 1071 1095
15 762 782
12 1093 1110
11 46 66
16 462 483
19 1087 1112
16 532 553
18 1054 1078
19 379 404
16 864 887
19 250 277
16 335 359
13 618 637
17 374 400
16 1007 1030
19 907 931
15 811 835
18 279 303
17 786 811
19 162 190
11 804 824
14 267 289
13 18 39
13 1027 1045
14 509 530
13 317 337
10 917 933
13 898 919
12 768 786
19 432 460
17 828 851
12 213 234
16 80 102
19 807 833
16 249 273
14 21 42
18 781 808
12 771 791
13 1065 1087
10 638 654
18 1113 1137
12 201 220
16 964 989
13 618 639
11 53 72
15 345 367
15 1003 1027
16 855 878
15 102 126
14 675 696
16 495 519
19 896 924
18 932 955
11 1095 1113
12 297 315
12 919 939
14 299 322
12 101 122
18 704 728
19 1057 1083
13 523 545
15 1010 1034
11 749 766
19 81 105
15 192 214
17 476 502
13 92 113
15 451 472
11 726 745
18 636 663
15 1079 1102
11 725 741
12 315 333
14 417 439
15 821 845
14 359 379
11 752 769
10 710 729
10 692 710
16 845 867
14 864 884
18 73 99
15 115 136
14 170 191
10 646 661
17 403 428
18 568 592
16 935 956
11 1086 1104
16 750 775
15 367 389
14 1087 1108
14 646 668
19 1106 1133
15 54 78
19 316 341
18 468 494
11 137 156
14 757 779
10 80 97
19 251 277
12 211 230
11 796 814
12 556 573
16 618 640
18 503 528
16 905 927
17 849 873
10 692 708
18 483 507
13 68 89
16 442 466
17 34 60
11 173 189
12 90 107
19 671 695
18 566 593
13 648 669
15 1084 1105
12 538 558
11 284 302
13 337 358
18 511 534
15 409 430
14 329 350
14 44 64
16 715 738
12 276 294
17 171 197
11 359 376
12 938 959
16 1004 1027
15 560 583
16 620 644
10 446 464
11 656 672
16 602 623
16 238 263
10 391 409
19 772 798
17 199 222
15 449 472
15 692 713
16 224 246
16 101 126
10 772 789
15 373 394
17 657 683
13 899 917
12 343 363
11 674 693
14 69 91
17 671 695
19 71 95
12 468 485
11 478 494
15 105 126
18 662 688
14 232 253
14 858 877
11 1011 1027
18 57 81
11 748 767
16 457 478
16 155 180
11 81 99
19 591 616
13 235 254
10 901 918
19 973 1001
12 997 1018
17 1090 1116
17 900 924
19 575 599
13 792 811
15 991 1013
19 826 853
10 51 69
14 535 557
14 611 634
14 385 407
17 687 710
19 158 185
12 534 552
17 748 772
13 617 639
13 490 509
14 332 354
11 165 184
19 713 741
19 668 696
13 654 676
10 760 775
12 895 915
19 589 613
16 393 415
15 454 474
19 66 91
19 619 645
15 241 264
10 1029 1046
13 502 522
14 809 831
19 304 328
13 1068 1088
19 488 512
15 181 204
14 268 288
19 529 553
11 194 212
19 869 894
14 392 415
19 871 898
10 1017 1033
18 916 939
18 506 531
13 1112 1130
13 885 905
14 316 335
14 755 778
13 484 503
15 974 994
19 295 323
15 722 745
17 243 269
19 362 390
11 1105 1125
13 687 706
10 419 436
11 610 629
10 918 933
10 926 945
16 1103 1124
15 614 638
12 116 133
19 545 573
14 580 600
19 288 316
16 291 313
16 587 609
10 1064 1081
17 46 71
12 970 988
11 822 839
17 541 563
10 260 276
19 806 833
12 540 558
13 31 53
16 1112 1137
18 181 205
18 1097 1122
11 460 476
18 1059 1082
13 705 723
11 694 714
19 899 924
17 697 720
16 859 880
19 204 231
18 785 812
16 664 686
11 609 628
16 262 283
13 756 775
13 715 736
18 285 308
18 814 839
14 481 503
14 566 587
16 287 312
15 432 452
11 602 619
18 735 758
16 732 755
10 622 638
18 986 1012
18 424 449
14 48 70
13 495 516
14 1014 1034
12 811 828
14 479 498
17 952 976
12 244 262
19 70 96
18 20 45
11 30 49
16 245 269
14 870 891
10 816 833
16 1021 1045
11 1012 1028
14 311 330
13 761 779
16 142 164
19 505 533
11 1037 1053
16 946 971
