350
16 167 188
16 1222 1246
12 892 913
14 1178 1200
12 676 694
10 932 948
12 728 745
17 1209 1234
19 26 53
12 1022 1040
10 692 710
10 618 635
18 1193 1220
15 873 896
10 62 78
13 187 209
15 1097 1117
14 662 682
19 126 152
15 1232 1252
14 90 112
19 1111 1135
17 788 811
13 602 620
18 765 789
13 409 429
11 84 103
19 1123 1147
18 859 884
19 1217 1245
18 243 269
16 384 409
16 528 551
12 1125 1146
10 284 301
10 1194 1209
12 778 796
15 370 393
17 492 518
13 162 180
17 113 139
10 542 560
13 771 792
18 27 54
17 136 159
16 823 844
13 841 863
14 591 613
12 206 225
12 958 977
12 545 566
18 924 948
12 158 177
19 54 79
11 884 901
12 281 302
15 1090 1114
14 326 345
11 125 141
13 39 58
14 264 284
19 995 1022
12 413 431
12 150 171
11 841 860
12 55 76
12 702 719
15 977 997
19 415 442
11 1184 1204
18 1130 1155
17 519 544
13 1085 1106
14 1259 1278
17 1173 1198
10 1211 1227
12 171 190
10 736 754
17 524 550
14 1005 1024
13 1052 1070
19 1059 1087
12 650 668
17 568 593
10 471 487
16 892 917
19 839 865
15 919 939
10 1209 1225
10 323 340
11 948 967
16 831 854
12 39 57
13 720 742
18 972 996
13 239 257
17 765 787
12 1032 1052
11 574 591
17 1171 1197
16 306 329
19 1062 1089
14 1048 1070
19 112 138
15 1042 1062
11 310 328
12 44 64
17 1204 1229
11 1036 1052
19 1195 1223
11 930 949
16 177 199
18 343 366
16 938 963
13 735 753
18 172 197
12 551 572
12 933 953
16 1082 1105
14 1118 1137
13 1246 1265
17 119 142
11 671 690
15 1275 1298
10 829 845
11 1001 1018
10 235 254
17 316 339
16 754 779
11 168 186
16 845 867
12 1050 1069
13 1220 1239
10 1251 1266
11 1152 1168
18 984 1009
13 282 302
15 555 575
18 277 300
17 40 65
14 1108 1131
19 1197 1224
13 207 225
14 173 192
17 224 249
17 301 324
15 972 994
19 765 793
19 1224 1248
11 143 160
16 1242 1264
14 1191 1212
18 253 278
19 634 662
11 555 572
10 1072 1091
12 993 1011
14 149 169
19 746 771
18 1105 1128
15 307 330
16 949 973
12 245 266
10 248 263
18 921 947
14 755 774
11 590 609
12 1194 1211
11 668 684
19 857 885
11 592 608
18 498 521
10 143 161
14 157 176
12 29 47
18 357 382
13 448 469
19 991 1018
19 481 507
15 1030 1053
12 1125 1146
15 444 467
19 310 336
12 736 756
14 436 458
13 856 877
14 1166 1187
19 787 811
17 363 385
14 634 657
17 613 636
14 660 683
10 941 958
10 216 232
17 266 292
10 584 599
16 962 985
18 847 874
14 499 519
19 351 377
17 1062 1087
15 449 471
17 207 233
19 1196 1221
10 596 614
12 226 243
17 911 937
15 403 425
11 576 592
17 113 137
10 154 170
16 1059 1080
14 1184 1204
12 1092 1113
18 516 542
11 341 357
15 37 61
13 1040 1059
10 1118 1134
14 390 413
17 1032 1055
17 1090 1115
18 408 434
19 695 722
19 27 51
17 664 690
11 1269 1289
17 979 1003
15 869 892
16 1126 1149
17 689 712
14 653 674
11 296 316
14 886 907
14 1207 1226
13 250 271
16 471 494
13 839 861
19 11 36
10 1037 1055
10 943 960
19 156 184
16 817 838
17 848 874
11 606 626
14 691 714
18 548 575
18 633 659
19 452 477
18 1024 1048
12 1013 1032
18 206 232
15 835 859
13 142 162
19 259 284
17 853 875
10 164 181
11 249 267
14 1190 1213
18 392 417
17 733 755
11 600 617
12 403 424
18 387 410
18 845 871
18 331 354
14 627 646
14 674 695
12 1160 1177
13 1266 1285
14 432 452
14 192 214
12 143 160
12 607 625
11 399 418
16 107 132
19 656 682
19 305 332
16 730 753
18 466 492
17 50 76
11 464 481
17 662 685
15 876 900
16 1233 1258
16 911 936
14 1087 1106
18 755 779
19 518 544
18 998 1021
16 1137 1161
16 1241 1264
12 957 975
11 898 917
17 986 1011
10 1160 1176
19 1219 1247
11 972 991
16 555 580
13 469 491
14 959 979
13 977 995
10 19 38
18 460 484
15 942 965
11 1045 1064
16 557 580
14 319 338
13 71 90
13 1277 1296
13 775 796
10 749 764
16 462 485
12 796 814
17 346 368
12 1053 1072
10 1065 1080
11 154 172
10 529 547
10 942 960
12 510 529
17 1025 1049
18 272 296
14 825 844
18 12 36
17 1249 1275
16 706 729
19 1222 1246
18 942 969
12 1251 1269
15 1049 1070
14 622 641
15 317 340
15 426 446
15 1072 1093
11 617 634
18 193 219
13 987 1005
15 294 315
11 891 908
16 985 1007
10 428 444
14 361 382
14 805 828
12 1214 1233
11 697 716
16 1216 1239
15 368 391
15 209 230
17 1103 1126
