400
15 363 386
10 549 564
10 1360 1377
10 1159 1176
11 1379 1398
18 23 47
17 41 65
18 1414 1437
12 981 1000
14 527 548
15 550 572
15 961 985
10 1129 1146
19 203 231
15 1175 1196
11 875 892
17 548 573
12 692 710
11 1341 1360
17 53 75
10 83 101
16 1034 1056
14 1303 1326
12 502 522
16 470 492
16 93 115
12 1062 1081
13 945 963
11 165 182
18 1435 1461
14 760 780
18 390 413
10 419 438
14 555 578
18 111 137
14 232 254
15 568 589
15 14 35
14 209 232
19 111 139
11 403 423
19 621 646
16 1062 1087
11 94 112
11 815 831
13 671 689
14 832 854
18 1225 1252
16 1353 1377
16 735 758
15 1140 1160
16 1426 1448
14 204 226
11 1005 1021
11 362 379
12 664 682
18 960 984
15 1415 1439
18 43 68
11 1115 1135
15 1284 1306
12 665 686
12 1367 1384
16 137 160
19 1210 1237
10 1341 1359
12 360 378
14 212 235
18 1345 1369
18 431 454
15 185 205
11 311 328
17 1042 1067
11 1109 1125
13 395 417
18 291 318
15 342 363
17 1089 1115
19 1378 1402
11 257 277
15 259 280
14 953 973
19 246 272
12 453 470
16 520 542
12 598 615
16 979 1001
16 43 68
17 447 473
14 1012 1035
17 1020 1046
15 166 189
17 239 264
19 822 850
13 293 311
16 1312 1335
12 725 745
15 515 538
12 86 105
12 632 653
13 808 830
17 134 159
13 933 952
12 285 305
10 1233 1252
16 1191 1213
13 566 587
15 138 159
16 842 863
12 379 399
18 257 281
11 963 981
18 1322 1346
10 365 380
15 1406 1429
16 276 300
14 826 845
12 947 964
12 181 200
14 1263 1282
16 393 415
12 1192 1210
19 1291 1318
13 495 517
13 576 595
12 147 164
11 369 387
15 1291 1312
19 524 552
15 317 338
19 357 381
12 1323 1343
14 441 460
13 1153 1173
16 42 65
15 109 129
19 906 934
11 470 487
10 109 126
17 182 204
15 839 860
11 356 375
11 1136 1154
14 595 616
11 712 732
16 976 997
12 862 879
15 100 120
10 358 375
15 1033 1057
11 1225 1241
17 741 766
19 659 684
10 1079 1094
12 1098 1118
12 1097 1117
12 1088 1106
16 29 52
10 950 965
11 174 190
11 209 229
19 1170 1196
15 1359 1379
16 512 537
12 885 902
14 1263 1285
11 611 627
14 353 372
15 296 316
13 710 730
13 397 415
13 997 1016
14 929 949
14 1395 1417
19 155 179
17 203 226
13 806 824
11 879 895
15 165 187
13 1154 1174
18 474 497
16 1380 1404
12 329 347
17 996 1020
17 1021 1047
15 1418 1439
12 655 673
11 543 560
13 1309 1330
12 40 58
13 580 601
14 80 101
13 1200 1218
10 501 520
12 583 603
18 647 670
14 199 221
13 1056 1078
14 862 882
12 485 505
19 329 354
17 1121 1145
17 44 67
15 1120 1144
14 951 970
16 189 211
13 1313 1332
17 319 342
17 930 954
10 1340 1359
12 35 56
16 1395 1419
18 1282 1309
15 226 247
15 953 974
15 738 761
12 206 225
17 42 66
19 1271 1296
15 1378 1399
11 72 88
14 285 304
11 20 40
15 1262 1282
14 777 800
14 465 486
15 343 364
11 838 856
19 84 109
19 1067 1094
15 1313 1335
18 275 302
18 751 774
12 1219 1239
14 1385 1407
12 264 283
18 1271 1294
19 1132 1157
11 573 593
17 763 787
19 1034 1059
14 470 492
13 720 739
17 750 772
11 558 578
19 107 133
15 1350 1374
13 627 648
18 12 36
16 1056 1077
10 567 586
10 74 91
10 1331 1346
11 577 597
17 1199 1224
16 542 563
15 905 927
12 104 121
19 1370 1397
15 979 999
13 1162 1183
14 1245 1265
15 1116 1136
13 347 369
18 1027 1054
19 935 963
18 601 626
18 860 887
10 501 517
19 1036 1061
16 185 209
11 1397 1416
15 1368 1388
11 768 784
19 709 736
18 488 511
12 737 758
16 494 517
13 1105 1126
11 739 756
12 112 133
13 106 127
11 676 696
14 1433 1452
15 674 697
18 437 462
10 538 554
12 13 32
12 403 422
10 470 485
19 982 1009
17 1427 1450
16 150 172
15 532 556
10 336 352
15 1039 1061
14 29 52
18 799 825
13 333 353
17 520 543
10 269 288
11 380 397
18 351 378
17 71 93
13 1010 1030
19 1050 1077
16 550 572
15 310 332
15 106 128
19 89 114
18 911 937
19 80 105
15 186 206
11 21 39
15 76 99
10 722 737
19 448 472
16 604 629
12 725 744
13 714 735
18 936 959
12 141 158
10 575 590
14 948 968
19 535 563
13 774 794
11 549 569
15 554 574
11 1435 1451
17 872 896
12 936 954
13 267 286
18 1115 1142
11 1149 1166
11 328 345
13 687 707
10 761 780
19 740 768
11 859 875
18 730 754
10 692 707
19 205 233
19 800 828
15 740 761
11 216 235
15 738 760
15 1324 1346
12 527 548
13 1204 1224
10 483 502
18 1231 1258
13 703 724
14 614 633
10 240 259
19 85 109
15 1139 1160
13 1004 1023
11 625 641
10 127 143
17 1002 1027
10 1359 1377
13 925 945
12 1131 1152
10 1036 1054
16 636 661
13 21 41
14 158 178
16 1259 1284
14 624 644
17 1007 1030
16 423 446
15 1178 1200
18 1202 1227
16 1086 1108
12 480 500
11 1409 1425
13 386 404
10 238 253
16 498 520
18 153 179
12 711 729
14 163 182
11 718 735
16 1187 1209
16 393 418
12 793 811
11 760 779
10 1260 1276
13 1280 1301
13 749 767
19 824 852
15 1202 1224
16 236 260
11 517 533
16 672 693
12 734 753
17 400 424
12 820 839
11 427 446
13 886 908
