500
16 1721 1746
19 900 927
17 751 777
11 1556 1573
10 1284 1300
13 166 188
10 322 337
17 190 214
12 1485 1502
18 317 344
14 123 144
11 195 215
13 1220 1239
14 1422 1443
17 1376 1400
11 1203 1220
16 977 1000
11 1742 1761
11 1401 1417
18 1021 1047
15 1105 1126
10 1801 1817
15 1328 1352
17 299 324
13 126 144
18 880 903
10 1736 1754
15 354 378
14 670 693
15 1247 1271
16 38 61
10 576 595
16 332 356
14 1442 1463
12 979 997
16 463 488
19 1598 1624
14 1292 1314
15 643 666
14 125 147
12 456 476
12 1418 1436
15 973 996
17 1666 1692
16 1688 1713
14 1196 1216
18 1054 1077
12 850 869
16 1124 1145
12 1303 1322
12 719 736
13 414 433
14 146 165
10 232 247
10 1366 1381
17 263 286
18 1764 1788
12 144 164
12 1269 1286
15 620 642
10 1382 1400
11 155 174
15 43 65
16 1704 1727
17 444 467
19 1013 1041
15 1015 1038
16 889 913
13 1152 1172
12 505 524
10 1666 1682
17 1598 1620
14 109 131
18 824 847
15 307 328
13 1787 1807
12 206 224
15 208 230
17 1484 1506
10 177 194
17 358 380
10 388 404
14 1243 1266
11 1157 1174
12 1273 1292
16 794 819
11 267 285
10 1222 1237
19 1591 1618
15 1526 1549
17 27 51
19 1158 1184
16 528 550
13 61 79
17 1709 1731
13 962 982
14 1726 1749
12 909 930
10 36 52
10 1063 1081
15 1405 1426
12 1693 1714
19 1508 1536
19 361 386
10 1364 1383
14 1805 1824
12 333 353
15 417 439
10 861 879
10 664 683
15 584 604
17 1209 1234
12 1043 1061
11 13 33
11 551 568
14 501 524
18 1459 1486
12 808 829
16 1713 1738
19 1235 1263
19 1182 1208
14 588 610
10 1240 1256
16 1700 1725
19 1301 1329
17 1135 1160
11 1510 1529
15 1212 1236
10 891 908
13 393 411
15 460 483
17 1143 1165
16 933 958
15 153 176
16 1494 1516
18 1145 1168
11 806 825
11 674 690
13 1552 1572
11 1657 1675
13 1329 1348
11 984 1002
11 1713 1731
15 1219 1242
12 1649 1668
14 1112 1134
19 1710 1737
12 150 170
18 767 793
17 465 490
13 233 253
17 134 157
11 1705 1723
13 1463 1485
15 682 702
12 1191 1210
13 783 803
17 1039 1065
18 1250 1275
15 522 543
10 1422 1437
15 557 577
12 1655 1673
18 1203 1230
12 1363 1384
18 192 218
17 533 559
14 354 376
11 856 876
12 270 289
17 858 881
14 1032 1051
13 101 120
10 1418 1437
19 436 464
18 1740 1767
14 715 737
10 993 1010
12 738 757
14 1473 1493
18 306 330
16 961 982
12 454 474
11 196 216
11 609 625
17 1788 1814
14 235 255
16 240 265
16 1012 1037
12 1475 1495
11 752 769
19 1282 1310
19 218 246
13 1254 1275
19 670 694
12 1571 1592
14 293 314
16 1193 1215
18 772 798
15 1802 1823
11 310 330
15 1620 1644
10 1019 1037
16 402 424
18 1223 1250
11 303 321
16 989 1010
12 786 806
14 143 162
19 1717 1744
17 1106 1128
12 439 458
17 1525 1551
11 407 426
15 1288 1310
10 320 336
10 381 400
19 1513 1541
17 550 573
17 240 266
13 30 51
18 149 175
16 1512 1537
15 238 261
14 250 270
15 367 387
17 656 681
18 534 561
14 407 427
15 1418 1439
13 521 541
17 1370 1393
12 80 97
15 387 408
13 619 639
10 151 167
19 680 708
10 1598 1616
15 927 951
13 1476 1494
11 358 376
14 880 900
17 100 125
18 68 92
15 1277 1301
12 235 253
10 1040 1059
15 505 529
14 595 615
17 437 459
14 736 759
19 616 640
18 576 602
10 433 452
14 1506 1529
12 817 834
18 1453 1476
13 348 369
10 198 213
14 45 65
10 613 632
15 709 732
11 1405 1424
13 684 703
13 1748 1770
16 209 231
15 825 847
14 1276 1295
18 655 682
10 599 616
17 937 959
19 1665 1691
14 326 348
14 1689 1712
19 580 608
19 1593 1621
18 110 134
10 1611 1629
17 946 972
14 695 716
19 233 261
11 1672 1692
14 158 180
19 1462 1489
14 290 313
10 1655 1674
11 1126 1146
14 590 613
14 188 209
13 1314 1336
18 1288 1313
16 791 814
11 870 890
11 878 895
19 322 349
14 803 825
19 1740 1767
15 1799 1821
18 926 953
18 1242 1268
17 583 605
17 48 70
17 1092 1115
12 899 920
13 1728 1746
19 519 545
13 1340 1362
11 685 703
11 315 332
12 471 488
16 1370 1391
10 1201 1217
14 990 1013
12 1519 1540
10 848 863
18 1270 1297
14 216 238
13 821 843
12 708 728
18 394 418
17 320 342
12 181 198
15 32 55
10 37 56
13 1711 1730
16 1007 1031
16 1492 1517
12 493 510
13 991 1009
14 604 627
12 1725 1746
13 422 441
13 642 660
10 1664 1679
17 1311 1335
16 1217 1239
19 369 395
10 1498 1514
19 87 114
12 1336 1357
13 816 835
15 1448 1472
12 1384 1401
19 1796 1821
19 1814 1842
14 1079 1098
17 109 131
14 215 237
10 85 101
11 807 823
14 1261 1284
19 1057 1083
15 1640 1661
11 140 160
19 1084 1109
18 1536 1561
10 1137 1155
15 1424 1446
12 215 235
13 314 336
11 213 230
15 787 809
16 726 749
14 1507 1528
17 637 663
15 884 904
12 910 930
18 1658 1683
16 1230 1253
11 1649 1667
10 36 53
11 231 247
19 139 164
14 1411 1433
10 875 893
18 138 163
11 675 695
19 974 998
12 1005 1022
11 1413 1430
12 628 645
19 1113 1138
12 655 676
17 1115 1138
10 1244 1260
11 587 605
17 836 858
10 566 585
18 196 223
11 1703 1723
16 1532 1553
19 1061 1086
18 676 700
14 443 465
15 1415 1439
15 1303 1325
10 175 194
17 1172 1197
15 1808 1828
18 1395 1419
18 1007 1031
17 29 53
11 473 492
17 1136 1162
12 1430 1448
13 1338 1357
16 122 144
15 953 975
14 1159 1179
10 1117 1134
16 551 576
16 634 656
11 1078 1094
18 53 79
15 1739 1762
12 507 525
11 630 646
12 1423 1443
14 1063 1084
19 1478 1506
15 1311 1334
12 781 801
18 724 749
14 172 191
17 71 95
15 987 1008
11 322 340
19 236 261
12 344 361
19 315 342
17 478 503
10 1341 1359
16 335 357
18 942 968
18 1325 1350
10 612 629
11 1127 1147
16 1437 1462
15 1555 1575
15 472 493
16 1401 1424
13 953 975
13 1096 1117
18 664 690
13 997 1018
10 1683 1700
12 18 35
16 1617 1641
14 1291 1312
16 1734 1757
15 1281 1305
19 787 812
11 1362 1378
15 852 873
15 1612 1633
18 1423 1449
10 24 43
17 119 141
17 507 529
12 1021 1039
18 425 452
16 975 996
15 1209 1233
14 750 770
16 764 788
13 719 738
15 209 233
17 77 101
19 1003 1028
12 1755 1776
14 539 562
17 1252 1274
18 893 920
19 482 509
17 763 788
11 737 755
19 1012 1037
19 772 799
18 540 564
13 488 510
18 691 714
15 668 690
12 123 140
19 238 264
13 367 388
10 1725 1743
19 508 532
13 1044 1066
17 29 54
18 1667 1692
18 250 273
15 1106 1130
14 828 849
13 306 324
11 41 58
10 439 454
18 1016 1041
18 241 264
19 506 534
19 866 894
