100
9 5 21
8 4 19
11 6 25
7 6 130
10 7 170
6 30 43
10 38 54
9 31 400
4 38 420
6 35 47
8 64 77
8 62 78
4 65 690
15 85 1000
7 72 86
9 95 110
6 97 111
9 108 1170
8 93 104
15 99 121
12 101 120
5 88 101
8 154 1620
10 142 1520
12 147 165
0 131 137
13 161 1740
4 155 164
11 135 149
4 117 138
9 205 220
9 189 206
5 148 160
7 112 127
7 172 187
5 190 1950
12 283 2950
9 192 2010
7 212 224
17 244 2610
12 260 281
9 232 2410
6 275 286
8 219 2270
8 282 294
5 254 266
12 318 339
10 309 327
5 235 2400
12 243 2550
9 342 395
6 337 374
10 254 271
4 365 375
10 209 224
9 304 319
9 312 3210
8 301 316
14 330 3440
6 251 2570
7 382 393
3 411 4140
11 453 473
7 341 3480
5 299 3040
6 391 401
12 423 441
9 504 520
8 353 3610
12 529 5410
16 349 374
12 499 516
11 343 3540
8 439 455
9 369 385
6 432 4380
15 511 533
10 492 5020
13 548 567
10 340 3500
9 560 575
10 674 694
6 493 4990
9 385 3940
12 326 3380
6 410 425
11 551 567
8 562 5700
10 562 579
12 483 4950
9 623 677
9 582 5910
8 591 604
9 530 545
4 554 564
11 518 585
14 654 6680
17 554 579
8 614 6220
10 516 531
