150
9 2 19
9 3 12
13 3 16
12 2 14
9 2 20
12 16 34
11 13 32
6 13 25
12 14 26
6 13 29
6 26 32
10 27 1027
7 22 37
6 24 30
8 28 42
11 38 49
10 32 42
7 42 49
7 43 54
9 20 33
14 51 65
7 40 55
9 45 945
11 46 65
6 47 647
5 78 578
11 60 78
11 84 103
13 66 84
5 67 72
14 84 105
2 119 128
10 82 92
6 88 100
9 82 91
7 106 121
15 101 116
10 89 99
16 109 125
8 70 78
15 98 121
6 126 132
12 105 124
7 107 118
12 93 112
8 120 128
10 138 148
9 105 122
12 120 140
10 132 142
13 123 143
12 116 1316
11 151 167
10 105 120
12 124 136
8 145 159
8 129 137
6 144 157
16 113 1713
10 147 163
10 164 181
5 217 222
7 173 187
6 135 147
5 166 179
10 148 164
12 156 168
4 173 185
11 170 181
13 158 176
11 153 170
6 153 164
18 192 210
10 194 208
7 216 234
10 245 255
10 170 188
8 139 147
10 200 218
9 155 171
11 181 192
9 234 248
10 180 190
13 228 250
10 216 226
12 220 232
15 173 193
12 228 245
8 218 232
7 221 228
5 212 224
9 180 197
16 228 244
11 264 281
7 153 165
12 292 304
8 264 277
16 262 278
15 248 1748
7 206 221
11 244 255
10 286 304
10 295 310
7 221 234
8 327 341
10 360 1360
7 276 283
4 219 223
5 296 308
10 263 273
10 349 366
5 250 262
9 265 282
6 264 277
7 218 225
3 294 304
8 360 376
9 340 355
7 242 255
13 347 368
12 334 353
15 342 365
11 305 316
11 224 235
13 317 330
11 305 316
10 311 1311
11 222 238
11 291 302
8 264 277
12 311 328
13 241 260
5 334 344
12 326 345
5 265 270
6 350 356
15 345 367
5 438 450
8 346 1146
11 359 370
6 270 870
12 299 320
16 370 386
6 373 384
12 307 326
12 452 464
8 365 381
10 370 387
12 314 326
10 355 365
