200
13 2 23
5 2 14
12 2 14
10 2 16
13 2 15
8 17 817
10 11 26
9 12 21
8 15 29
5 13 23
11 25 1125
9 28 45
9 35 50
7 36 49
13 26 39
5 31 43
13 31 49
9 56 65
11 43 54
11 45 66
9 50 63
7 54 70
12 41 60
7 55 70
5 53 58
4 53 64
15 67 90
6 65 665
6 45 51
12 74 1274
10 80 97
13 94 107
12 61 79
10 70 85
9 75 84
9 95 104
12 95 116
7 114 121
8 90 105
9 81 99
10 104 125
8 104 112
8 116 131
14 120 138
13 122 146
12 97 109
12 88 100
9 119 128
10 100 116
10 140 150
6 136 147
12 132 151
9 107 116
6 116 122
10 112 127
7 172 187
8 152 168
8 119 134
3 127 137
13 151 172
10 135 150
4 106 117
7 173 188
7 175 182
9 147 161
14 140 160
16 142 158
15 151 170
9 175 184
9 215 224
9 173 182
10 142 158
7 119 126
8 193 210
8 175 183
9 209 225
8 217 225
5 205 210
9 168 186
7 186 193
9 242 257
13 185 204
10 169 179
11 193 210
6 190 205
9 209 1109
14 144 167
12 163 179
10 229 245
13 165 185
13 183 196
8 238 253
8 205 217
9 231 240
7 270 277
7 233 240
13 180 199
11 218 236
17 289 314
13 215 228
11 290 311
11 248 259
5 219 229
10 219 229
11 212 223
10 248 258
10 275 290
18 280 298
5 247 252
12 273 285
15 216 238
13 317 330
8 319 327
14 322 336
13 315 337
10 370 380
11 317 334
9 296 311
11 342 359
11 209 223
5 233 238
9 371 387
6 242 248
8 261 277
9 253 262
9 293 309
7 243 251
6 328 340
4 390 400
11 267 278
13 329 351
10 337 359
9 294 310
14 314 328
12 350 370
12 334 354
8 400 415
11 416 433
13 218 239
10 297 307
11 297 308
12 413 425
6 380 386
10 389 408
8 365 378
7 297 310
10 345 358
8 298 313
10 403 418
10 359 375
10 515 532
13 287 300
10 438 457
11 393 404
12 405 424
8 347 361
6 303 317
7 334 341
14 325 345
4 398 402
9 370 379
12 447 465
12 380 392
11 376 387
12 395 414
8 379 387
11 460 479
10 498 513
12 550 571
9 542 555
7 438 452
9 327 342
11 444 462
8 348 360
9 297 316
11 379 398
15 379 1879
6 358 372
12 309 321
11 415 431
10 479 493
15 453 468
11 224 235
9 444 461
11 475 493
5 376 388
10 396 406
10 507 524
10 426 442
8 530 547
9 624 633
11 477 488
9 452 1352
10 566 583
13 600 1900
11 515 535
7 432 439
11 512 532
12 468 485
8 512 525
