250
8 6 140
7 4 110
6 7 130
10 6 25
11 4 22
9 34 52
7 33 400
15 38 530
11 41 520
9 34 48
9 69 87
9 64 81
12 61 78
13 70 91
6 75 88
9 106 119
13 99 177
10 77 870
9 72 87
13 86 990
3 94 106
8 114 129
10 108 127
14 130 1440
14 140 1540
7 145 155
10 149 165
14 115 132
8 145 159
13 151 172
12 127 1390
9 212 227
12 157 175
10 164 180
8 177 193
9 201 217
11 254 267
10 225 241
10 194 2040
12 194 216
10 321 335
9 208 225
11 205 2160
3 267 277
11 257 2680
5 284 294
6 280 2860
6 335 347
6 226 2320
5 241 255
3 309 322
10 367 3770
4 210 2140
13 215 232
8 325 3330
5 274 2790
9 426 4350
16 295 321
12 421 4330
13 385 405
11 360 3710
5 382 391
9 402 415
14 312 332
8 386 3940
6 282 294
4 411 4150
14 329 3430
5 322 335
7 423 433
10 537 598
12 417 490
11 325 340
10 436 452
10 396 4060
5 399 413
10 492 511
11 377 3880
10 469 483
9 477 4860
9 400 414
13 350 426
11 439 4500
9 467 482
8 481 496
7 468 4750
12 572 5840
10 535 551
7 558 5650
12 608 625
6 599 610
10 349 365
11 602 620
5 454 467
14 524 5380
17 546 5630
6 521 532
11 621 640
6 685 696
11 564 5750
13 558 5710
8 584 597
9 706 719
8 538 5460
10 639 657
10 565 5750
15 568 5830
10 695 712
8 672 689
6 574 5800
8 674 687
5 756 7610
13 563 5760
11 577 592
6 685 6910
11 642 660
10 588 5980
11 795 815
10 715 774
8 770 781
6 811 825
7 710 725
8 632 6400
8 518 5260
11 768 7790
11 778 7890
5 813 827
9 925 942
13 856 876
12 875 894
5 790 801
9 753 767
9 858 8670
13 696 714
13 784 7970
14 1277 1299
9 663 680
11 668 687
8 691 6990
3 970 986
9 975 993
5 683 693
14 810 832
10 924 941
11 631 6420
8 731 7390
7 963 9700
15 1086 1176
6 1072 1084
6 856 868
18 1010 1034
9 881 8900
14 1080 1163
9 800 8090
7 899 9060
7 789 806
14 777 797
11 999 10100
9 825 8340
13 954 9670
10 990 10000
10 688 704
9 1011 1028
16 770 794
13 909 928
10 1003 10130
9 983 1000
10 849 863
17 1018 10350
11 954 973
13 1054 1070
4 1056 10600
15 1040 1062
6 1129 1141
8 1270 1286
11 941 959
12 792 810
9 1349 1365
9 843 8520
13 1036 1056
13 1231 1251
11 1137 1157
7 1011 1022
11 969 987
6 963 9690
6 1260 12660
12 1522 15340
9 1309 1325
12 857 875
6 1084 1096
12 979 996
8 770 821
9 979 9880
5 1298 1313
10 1077 10870
8 941 957
14 932 9460
8 1288 1299
13 1274 12870
7 1617 1629
12 1123 11350
8 1069 10770
11 1313 1334
11 1326 1343
8 1308 1323
8 1117 11250
7 1035 1047
14 932 951
9 1226 1241
10 1140 1156
8 1001 1016
7 1457 1470
7 1584 1598
10 1655 16650
8 1059 10670
7 1281 1293
8 1117 1130
7 1410 14170
9 1351 13600
9 1151 11600
10 1062 1075
9 1440 1456
10 1245 1262
9 1132 1151
11 1291 1309
9 1418 1437
11 1161 1178
6 1394 1430
10 1388 1404
14 1234 12480
10 1440 1454
17 1167 1191
12 1408 14200
9 1843 1859
11 1167 11780
11 1688 1704
10 1932 1951
6 1767 1780
10 1360 1376
14 1270 1290
14 1568 1589
8 1691 16990
10 1534 1551
13 1064 1085
9 1320 1371
8 1390 13980
7 1404 14110
9 1167 1184
8 1824 18320
9 1517 1534
