300
10 3 18
7 2 13
11 2 19
13 2 1302
13 2 20
8 19 33
10 14 27
13 16 29
12 17 29
8 11 26
10 30 40
12 32 49
7 23 37
8 28 40
7 29 42
6 26 38
11 34 1134
11 46 63
9 37 53
7 38 51
12 60 77
11 41 58
9 50 63
3 39 50
13 44 1344
5 42 50
9 68 84
8 59 67
10 59 69
5 45 58
6 76 90
7 79 90
8 57 65
8 100 117
10 57 67
8 68 81
10 101 1101
11 91 108
12 87 99
7 78 94
8 98 113
10 77 87
6 113 127
10 114 124
5 93 105
10 122 132
9 129 138
7 131 143
6 81 94
15 86 101
8 112 120
6 140 154
6 156 756
8 158 176
8 137 148
7 129 829
13 107 124
12 162 180
13 170 188
9 137 155
14 164 185
11 177 195
13 151 172
13 133 154
6 157 172
6 135 148
7 184 198
10 157 167
12 179 200
9 183 192
15 195 210
8 169 184
8 158 166
12 161 173
8 245 261
14 184 206
15 167 189
14 214 235
11 220 236
14 222 244
7 176 193
8 190 204
8 203 211
16 215 238
12 199 211
10 256 272
7 216 223
13 225 248
14 251 271
7 277 284
12 198 210
7 176 876
9 259 273
11 201 212
8 215 223
5 244 256
7 242 249
3 252 260
18 237 264
10 219 1219
13 292 315
5 263 275
6 277 289
10 222 238
8 310 327
5 274 279
9 280 289
12 232 248
10 301 318
1 259 271
8 265 279
10 273 288
8 248 262
8 222 236
9 297 315
9 223 241
14 255 278
6 295 307
10 305 315
9 211 220
8 267 275
10 297 315
9 300 309
12 297 317
11 315 336
15 392 407
11 320 331
2 293 303
9 346 362
11 374 391
9 339 348
7 293 300
11 326 342
4 259 263
11 402 413
14 334 355
9 233 245
8 382 398
12 388 404
11 259 270
9 310 326
10 349 367
11 426 444
8 382 397
12 430 446
5 373 384
8 434 449
6 382 393
11 391 411
7 324 340
9 342 354
13 412 431
7 382 389
10 344 361
11 357 375
11 431 446
10 433 449
11 452 1552
12 355 373
10 412 422
14 386 400
11 428 444
7 323 336
12 299 317
9 485 494
15 418 1918
12 342 363
11 407 418
6 436 442
9 455 464
13 414 432
7 427 440
18 541 2341
9 461 475
6 486 500
13 485 505
13 561 581
8 475 487
11 453 471
11 483 500
5 509 523
12 628 646
8 492 509
10 430 440
8 457 471
13 588 607
13 387 1687
9 554 569
7 548 560
10 434 448
12 409 421
5 418 429
5 564 579
6 635 648
7 421 436
9 231 246
5 530 535
11 424 435
4 552 952
11 519 1619
12 567 587
13 467 480
7 374 381
8 374 390
10 466 476
13 475 496
13 543 559
8 503 517
9 489 503
8 586 602
9 618 627
12 457 469
12 593 605
7 624 636
11 520 536
8 537 553
7 434 448
14 477 499
11 391 407
14 450 471
11 467 478
7 627 645
9 670 683
11 661 680
6 566 580
5 597 608
8 569 577
5 602 612
5 406 419
13 563 582
4 505 515
9 666 679
9 503 512
14 623 637
7 512 525
13 472 492
10 636 646
11 456 472
15 603 627
9 623 638
9 528 544
11 595 610
12 556 574
12 754 766
12 515 527
9 642 657
12 570 1770
8 560 575
8 600 616
9 719 735
11 606 623
10 538 554
7 725 732
7 704 718
11 689 700
6 621 635
10 722 732
6 659 665
11 387 398
8 707 715
11 661 672
6 680 694
8 708 725
6 699 705
10 707 717
6 854 869
12 643 655
13 572 591
13 818 831
10 738 752
12 787 803
10 634 652
10 764 781
8 668 680
13 613 634
8 752 760
11 650 661
15 635 657
8 840 854
14 708 728
7 905 920
7 606 613
6 821 833
10 495 511
8 760 776
12 762 781
8 572 580
13 691 1991
12 642 660
8 725 733
9 597 606
8 553 566
5 753 758
8 840 848
12 615 635
10 713 1713
13 702 721
10 767 786
13 754 767
13 892 912
