350
7 6 130
7 6 20
11 5 20
11 5 25
11 6 170
12 41 62
11 39 500
6 31 44
13 46 590
7 40 54
7 72 790
12 74 91
9 83 100
12 58 700
6 59 650
6 92 980
7 99 114
11 69 800
11 48 65
10 87 105
8 128 144
5 158 167
12 97 116
5 124 135
6 121 1270
7 133 1400
13 138 157
14 156 177
13 162 1750
10 146 162
9 222 236
10 185 201
10 177 190
5 182 195
9 140 1490
12 246 264
13 242 261
9 221 238
11 250 317
8 182 197
14 262 282
6 174 189
8 229 245
10 234 296
9 176 192
11 262 281
14 319 339
8 250 2580
12 267 2790
9 316 333
7 378 392
10 426 4360
4 318 327
12 323 341
11 334 3450
11 343 358
13 271 2840
9 315 332
7 339 350
8 369 380
6 193 204
4 349 3530
11 474 489
10 400 415
11 368 383
12 424 444
14 398 418
11 386 403
10 444 462
10 456 4660
8 430 444
8 479 495
9 437 4460
5 459 4640
12 479 4910
15 367 460
7 529 5360
10 347 3570
16 474 499
10 520 535
9 404 420
14 362 384
7 527 5340
3 593 5960
8 499 512
13 491 5040
10 599 617
12 499 5110
5 517 529
11 553 571
9 700 716
8 533 548
8 421 4290
9 730 744
15 639 659
10 618 634
4 534 543
10 459 4690
11 557 571
4 535 550
8 684 698
15 559 5740
9 399 414
0 724 729
6 574 586
8 586 598
11 783 7940
17 790 8070
10 501 518
10 478 495
9 789 7980
6 619 633
11 719 7300
11 725 743
11 641 659
7 743 758
11 739 759
2 738 747
11 471 536
8 462 476
12 639 658
4 670 679
6 700 713
11 614 676
14 612 633
11 873 8840
5 637 6420
6 706 742
6 861 8670
10 666 683
9 746 761
9 815 829
14 892 913
7 580 593
11 798 817
8 669 682
7 611 626
11 832 850
11 663 728
10 984 1000
11 852 871
6 977 9830
12 880 901
8 995 1011
11 852 867
5 670 6750
12 964 9760
3 898 906
13 583 603
7 602 616
11 905 922
5 1191 1202
9 968 983
7 1105 1115
6 911 9170
12 956 9680
9 996 1012
11 1033 1050
5 1074 10790
9 787 799
7 872 8790
11 1076 1092
10 765 782
7 922 9290
3 1009 10120
10 875 889
10 1115 1133
14 1029 1049
4 1273 12770
4 1087 1111
6 993 1006
10 953 971
9 1119 11280
6 1001 1010
11 687 704
8 1310 13180
11 1239 1256
8 1199 1213
10 1248 12580
6 1146 11520
10 1133 1150
9 1441 1457
5 852 8570
8 919 933
6 985 996
5 832 8370
6 1003 10090
12 1087 10990
11 1206 1225
11 960 9710
8 1279 1291
8 1006 10140
11 1158 1175
7 1092 1104
2 1044 1051
10 1256 12660
7 965 9720
8 1386 1399
4 1305 1328
9 939 9480
11 1047 1069
10 1038 1056
11 1432 1451
7 1355 1367
7 1248 1263
13 900 978
10 1291 1311
10 1502 15120
15 995 1020
3 1477 1485
12 1234 1257
12 1316 1335
7 1219 1232
9 1562 1577
10 1454 1469
12 1526 1542
10 1154 11640
14 1276 1299
7 1342 1352
8 1257 1270
14 1545 1561
8 1394 14020
15 1471 1562
6 1058 10640
14 1417 14310
10 1650 16600
14 1237 1258
11 1239 1260
16 1037 1061
9 1647 16560
9 1127 1142
10 1534 15440
7 1216 12230
13 1261 1280
7 1467 1479
6 1501 15070
15 1477 14920
10 1374 1390
11 1420 1438
9 1057 1073
11 1190 1206
12 1651 16630
9 1499 15080
9 1734 17430
10 1292 13020
11 1414 14250
11 1405 1422
12 1747 1767
12 1091 11030
8 1356 1369
5 1365 13700
8 1209 1222
11 1764 1780
8 1604 16120
10 1776 17860
6 1551 1561
10 1466 1484
13 1503 1521
6 1153 1167
9 1480 1498
11 1407 1427
12 1474 1548
3 1529 1539
12 1612 1628
13 1537 1556
14 1513 1537
11 1577 1594
13 1563 1584
12 1780 1796
9 2062 20710
6 2037 2049
12 1640 16520
2 1658 1666
13 1425 1446
14 1434 1454
10 1432 14420
13 1724 1741
11 1613 1629
13 1652 1674
3 2194 21970
9 1578 1592
6 1599 1612
6 1802 1840
5 1447 14520
2 1400 1409
15 1731 1753
10 1793 18030
7 1469 14760
11 1709 1727
9 1595 1611
13 2047 20600
4 1898 1907
9 1717 17260
9 2087 2106
7 1844 1859
9 1868 1885
7 1296 1307
5 1887 1897
10 2066 20760
11 1718 1737
8 1925 19330
14 1788 1811
12 1983 2003
8 1735 1751
12 1739 17510
13 1741 17540
13 1712 1734
15 1297 1319
14 1560 1642
7 2351 2366
15 1902 19170
8 2235 2249
8 2065 2080
11 2113 21240
9 1481 1496
11 1693 17040
10 1895 1951
11 2196 2214
9 1866 1881
11 1582 1600
6 1846 18520
9 2335 2352
5 1605 16100
9 1884 1899
9 2380 2398
10 2356 23660
11 2379 2442
7 1989 2003
5 2274 2286
8 1827 18350
14 1849 1870
11 1846 18570
10 1429 1446
12 1640 1662
14 1918 19320
14 2682 2699
12 2718 2735
10 1714 17240
14 2026 2049
12 2164 2232
16 2220 2243
10 2081 2096
8 1308 13160
9 2029 20380
9 1425 1442
7 2314 2331
9 2291 2309
6 2530 25360
8 1820 1831
8 1744 1761
