400
11 2 20
9 2 20
9 2 18
5 2 7
7 2 12
12 15 32
11 15 37
9 17 26
15 17 32
11 16 36
17 32 55
7 35 48
7 32 43
5 30 40
12 27 47
7 49 66
10 40 55
9 40 49
9 33 51
7 41 53
8 46 59
10 41 51
14 46 60
8 57 65
8 66 81
2 57 65
7 63 77
11 50 70
9 69 84
9 66 75
8 98 115
6 95 101
14 66 87
11 54 70
9 64 73
10 66 84
9 77 91
7 106 118
6 73 90
12 84 103
10 82 100
8 87 95
9 105 114
9 84 99
8 102 110
11 111 130
7 109 118
11 115 133
9 67 84
11 118 129
7 114 121
11 147 164
9 99 116
12 106 122
9 163 172
8 113 128
15 130 152
10 151 161
9 168 183
2 153 159
11 191 210
7 156 171
6 163 169
12 139 157
8 145 159
8 187 206
8 224 240
10 180 190
8 135 143
13 149 162
10 145 161
13 140 160
8 185 196
11 172 194
9 136 145
9 195 210
13 184 201
7 198 212
6 225 236
7 168 175
11 196 207
14 180 194
9 205 214
4 267 277
12 167 187
8 192 208
12 255 273
6 207 213
11 222 240
13 196 214
14 229 251
10 270 289
10 217 227
13 171 193
9 194 210
4 216 220
6 273 279
9 270 285
8 241 1041
7 209 909
7 232 245
10 317 333
10 216 234
12 324 343
8 242 260
6 249 263
12 256 275
6 292 298
9 252 1152
4 314 318
9 212 225
10 263 283
4 198 207
11 277 292
8 248 1048
10 176 186
9 245 254
9 267 283
8 290 303
13 372 385
12 328 344
8 389 404
14 295 319
9 213 222
8 305 321
12 298 310
7 303 310
13 366 388
14 318 337
14 333 351
8 445 461
11 396 414
11 266 277
8 310 325
12 346 366
6 279 291
8 358 372
4 241 245
12 338 350
6 333 339
10 464 479
7 358 1058
14 352 366
12 226 1426
10 269 287
10 360 377
9 346 363
14 348 370
6 280 291
9 303 321
8 381 395
13 438 451
11 422 440
10 410 425
9 445 460
14 459 473
11 413 431
11 398 412
12 415 435
12 469 487
6 423 429
13 434 454
14 380 394
15 400 419
10 463 473
15 455 479
12 492 513
12 451 469
11 413 431
13 385 408
6 306 320
7 414 1114
9 485 503
3 451 461
12 425 437
6 540 554
9 345 355
5 446 461
3 514 523
11 313 1413
14 450 468
10 434 444
15 376 1876
13 370 388
5 525 530
8 481 489
6 446 452
6 441 455
9 435 451
13 387 405
13 455 468
5 499 504
13 491 504
11 586 597
8 550 558
13 577 590
9 567 580
12 520 532
8 477 490
10 569 585
10 554 569
12 507 519
11 427 442
12 668 685
9 647 663
14 469 489
9 570 583
8 472 487
9 414 423
9 422 438
11 606 624
9 536 553
15 513 528
9 582 595
9 589 604
5 627 635
5 522 527
13 525 545
9 504 520
7 558 565
8 395 403
8 541 555
6 408 419
13 627 645
8 494 502
7 623 635
13 595 611
9 637 654
6 411 417
14 561 575
9 633 648
9 494 503
4 461 861
5 586 596
3 500 503
13 580 593
6 583 589
10 583 1583
12 527 539
9 603 612
12 518 530
9 817 833
7 403 410
8 607 621
9 568 585
8 545 559
6 578 595
13 710 729
11 422 433
10 650 660
6 540 546
14 587 601
7 503 517
14 615 2015
9 572 586
9 569 578
12 814 832
12 508 524
7 505 512
8 499 512
11 689 700
11 741 760
10 381 398
9 572 581
6 633 644
12 839 851
6 743 749
10 581 591
8 576 592
10 545 555
7 579 595
7 701 715
7 513 527
9 631 640
9 466 482
13 587 600
10 642 658
14 845 867
2 566 576
11 593 607
8 566 584
13 719 740
18 499 523
10 810 827
10 822 837
13 812 835
11 751 767
8 945 959
6 557 573
11 565 581
9 736 745
9 582 599
12 891 912
13 682 1982
9 559 574
9 600 609
8 789 797
10 649 664
6 808 821
11 885 905
12 744 763
4 683 695
16 734 756
12 725 743
12 692 704
10 638 658
15 777 792
8 749 1549
7 930 943
4 554 566
6 681 687
6 893 908
9 822 838
7 860 875
11 902 922
13 544 565
12 939 957
14 902 916
10 698 714
7 859 871
7 682 699
7 936 951
1 652 659
9 472 481
11 731 749
7 791 803
14 673 2073
14 750 764
9 793 805
8 902 917
9 753 770
8 854 868
12 898 910
10 1012 1027
11 708 719
10 873 892
11 826 845
10 857 871
9 676 694
6 698 709
10 885 895
10 965 975
9 741 750
9 964 978
13 891 909
14 889 903
13 801 814
9 846 860
14 871 885
6 845 857
12 995 1017
6 898 912
9 1076 1094
5 1213 1225
8 789 802
6 1152 1167
5 1208 1213
10 816 833
12 1074 1086
11 894 905
9 830 841
9 956 971
10 955 965
16 781 2381
2 995 1003
9 687 1587
9 908 925
17 1177 1199
8 909 922
7 880 893
12 783 801
6 968 974
12 958 970
1 759 764
13 892 909
14 833 856
14 967 981
12 708 727
10 1195 1205
9 1152 1161
9 961 977
15 1085 1106
13 1198 1219
10 988 998
8 996 1013
13 810 823
6 1050 1650
9 933 949
8 1000 1016
5 693 707
10 725 742
11 1100 2200
9 970 987
9 956 970
7 1035 1042
7 932 939
12 983 1000
12 926 938
9 787 803
9 788 804
