450
6 6 120
10 5 150
9 7 24
7 6 22
6 6 17
13 39 520
8 36 50
10 39 490
7 39 51
8 38 54
6 45 58
12 66 780
10 56 73
12 61 730
9 73 820
10 102 119
7 110 121
10 77 93
1 87 94
7 110 126
9 156 174
7 120 132
16 82 980
11 116 134
4 99 109
7 143 1500
11 170 1810
5 169 184
11 125 143
6 154 166
10 223 240
5 170 1750
8 202 214
9 160 175
9 197 216
7 187 1940
11 201 218
9 226 281
5 209 223
16 191 284
12 239 2510
7 279 293
12 249 2610
9 191 2000
10 268 2780
7 307 317
8 342 356
4 344 3480
8 259 274
6 243 2490
8 275 2830
9 342 359
13 363 381
8 276 289
9 317 333
16 196 217
10 410 427
11 352 370
14 376 3900
8 246 260
6 364 375
12 425 444
11 363 381
4 382 3860
10 403 418
8 436 453
12 424 444
9 343 360
11 408 426
6 338 351
10 478 500
11 420 4310
9 431 445
6 408 420
14 326 344
8 527 543
7 406 417
12 369 386
7 315 3220
11 547 5580
12 468 4800
10 458 474
11 465 481
12 477 497
15 405 427
13 500 519
5 594 606
14 557 575
6 407 417
17 585 611
6 496 507
8 585 597
12 663 6750
13 462 483
7 520 534
11 736 755
9 572 587
12 515 536
16 604 626
12 569 586
11 546 610
12 750 767
9 739 796
11 787 805
8 454 472
4 648 660
9 614 629
11 692 710
16 689 711
6 436 447
9 560 575
1 810 8110
13 810 8230
15 754 7690
13 632 6450
14 688 7020
16 837 858
12 659 678
10 653 669
11 717 732
8 734 750
18 711 7290
8 870 886
12 518 534
3 728 7310
6 687 699
13 843 862
10 681 698
7 939 955
16 643 666
8 820 835
7 742 758
15 688 708
11 763 778
8 647 660
9 729 743
9 713 730
15 836 856
11 818 834
12 738 758
9 783 795
9 1046 1064
3 984 993
9 1093 1107
10 707 7170
8 634 6420
7 715 727
9 729 746
9 1059 1075
11 742 761
6 675 6810
10 1025 1041
7 936 9430
13 718 734
8 895 908
4 1019 10230
12 1046 10580
9 1095 1111
11 881 896
10 1090 11000
12 691 710
18 1312 13300
5 768 7730
14 964 983
11 960 982
7 891 904
13 1074 1089
12 909 926
8 1033 1047
14 874 8880
9 1035 1051
13 962 982
9 1020 1036
12 1047 1067
15 1098 1117
11 1167 1185
10 1115 1132
2 1033 1043
8 1086 1099
10 1050 1065
11 1365 1380
15 1025 10400
6 1102 11080
7 845 860
12 1197 1211
14 1434 1454
8 1238 1256
8 1212 1225
11 1303 1320
10 1254 12640
9 1480 1497
5 1277 1288
12 996 10080
8 1279 12870
7 1233 1275
16 1192 1214
14 1174 1191
16 1226 1247
8 1179 1195
6 1222 1257
10 1138 1156
12 1056 1077
9 1207 1221
12 1321 13330
8 1337 1351
11 1334 1352
6 1370 1385
9 1255 1267
15 1226 1247
8 1401 14090
11 1204 1220
14 1016 10300
6 1135 1150
13 1427 14400
10 814 8240
8 1735 1746
10 1152 1168
6 1126 1140
8 1395 14030
10 1416 1429
10 1238 1254
10 1610 1626
12 1440 1457
4 1428 1437
7 1073 10800
9 1546 15550
6 1602 1615
12 1299 1313
13 1707 17200
11 1322 13330
9 1743 17520
12 1467 1486
13 1805 1824
7 1403 1416
14 1230 1247
8 1601 1615
8 1155 1167
11 1543 1561
10 1712 1728
9 1007 1024
14 1605 16190
8 1506 1523
12 1042 1061
6 1573 1585
9 1252 1268
9 1723 1738
10 1629 1646
11 1578 15890
9 1609 1622
10 1388 1405
11 2228 2295
8 1961 1974
8 1582 1596
11 1520 15310
11 1219 12300
14 1762 1781
14 1433 14470
11 1680 1695
14 1261 1284
11 1040 1060
13 1486 1505
7 1407 1420
10 1055 1072
7 1728 1740
10 1664 1680
15 1628 1649
11 1302 1317
7 1736 1749
16 1483 14990
12 1678 1700
11 1350 1369
14 1611 1630
16 2041 20570
9 1551 1567
10 1944 19540
10 1406 14160
13 1532 1550
5 1396 1411
7 1345 13520
7 1779 1793
12 1410 14220
13 1911 1930
8 2003 2016
9 1816 1831
12 1321 1339
13 1919 1936
11 1799 1817
7 1397 1407
8 1600 16080
9 1540 1552
11 1970 1986
7 1723 1736
7 2024 2038
8 1784 17920
6 1695 17010
11 1136 1155
9 2154 21630
11 2415 2432
13 1165 11780
6 1754 1768
4 1824 1838
8 2007 2021
8 1723 17310
7 2027 2038
10 1939 1953
7 2416 2429
14 1716 17300
11 1877 1893
6 2046 2060
10 1643 1658
9 1987 19960
10 1681 16910
11 1754 1771
7 1569 1583
7 2112 2126
6 1789 1799
12 2032 2048
5 1518 1529
9 1522 15310
6 1515 1550
9 1507 15160
3 2193 2203
8 2049 20570
7 1389 1404
4 2384 2396
9 2166 2183
11 1837 18480
12 1694 1712
5 2186 21910
11 2264 2281
9 2327 23360
8 2072 2088
11 1689 17000
9 1712 1727
9 2174 2187
10 1892 1908
8 1954 19620
12 2145 2166
14 2106 21200
5 1941 19460
13 1740 1819
9 2305 2321
11 2029 2050
16 2014 20300
12 2067 2087
11 2226 22370
15 1507 1527
5 2053 20580
12 1854 18660
12 2105 2123
13 2220 22330
9 2148 2162
9 1899 1915
14 2541 25550
4 2808 28120
9 2071 2087
11 2389 2407
5 2060 2073
14 2299 2316
8 2445 2460
8 2029 2042
14 2201 2222
15 2002 20170
12 2022 20340
13 2002 20150
15 1961 1982
12 2153 2226
10 2545 2604
11 1999 2016
6 1904 1916
9 2639 26480
14 2128 2149
8 2148 21560
13 2498 2516
12 2647 2662
7 2116 2129
12 2555 2574
10 1548 15580
9 2226 2241
10 2830 2845
13 2186 2204
13 2120 21330
9 2670 26790
8 2260 2274
12 2543 2561
5 2452 2463
9 1513 1526
8 2567 2586
6 1969 19750
9 2070 2084
10 2083 20930
11 2621 2640
8 2816 2831
7 2208 2223
14 2325 23390
7 2521 25280
10 2415 2431
10 2214 2231
5 2335 2345
8 2063 2109
9 2568 2583
11 2589 2609
14 2594 26080
10 2976 2992
11 2710 2729
17 2772 2798
10 2709 2726
6 2623 2633
13 2652 26650
12 2548 2569
14 2640 2663
7 1628 1640
13 2705 27180
15 2217 2236
12 2635 2654
14 2632 2654
7 2703 2719
9 2472 2489
6 2458 2471
14 3243 32570
9 2533 2548
6 2252 2264
6 2497 25030
9 2408 2421
15 2267 22820
9 1912 1927
7 1869 18760
11 2326 2346
14 2295 2315
8 2121 2137
11 1801 18120
16 3128 31440
15 2178 2198
7 2300 23070
10 2630 2648
6 1956 1969
12 2897 29090
10 2789 27990
7 2858 2870
13 2561 2583
15 2327 2348
11 2701 27120
10 2384 2400
10 3187 3203
9 2463 2483
14 3272 32860
11 2831 2849
9 2671 2687
12 2152 2172
6 2811 2824
