50
11 6 23
10 5 20
4 6 17
7 5 18
8 7 25
12 40 56
7 41 480
11 34 51
9 31 400
6 39 54
7 51 580
8 63 78
12 58 77
5 38 52
8 59 670
5 102 116
7 111 1180
18 101 125
12 82 940
17 116 1330
13 145 162
7 127 1340
10 134 1440
16 136 231
10 125 184
12 156 172
5 54 65
8 164 1720
11 183 201
13 159 178
7 270 313
9 192 2010
9 145 161
8 195 210
12 177 194
12 175 191
6 211 2170
5 168 179
12 223 241
13 239 257
9 197 212
10 249 2590
12 215 234
14 258 280
8 263 281
7 243 258
8 301 316
12 338 356
11 225 2360
11 350 368
