500
8 6 140
11 6 170
9 5 22
6 6 19
8 6 19
14 32 460
9 31 47
8 29 370
12 40 57
17 34 135
10 76 90
9 56 650
6 84 95
10 46 62
12 55 73
9 95 111
6 85 96
9 102 116
13 112 127
12 92 163
11 91 108
7 117 1240
15 161 185
9 131 1400
6 111 1170
9 145 164
11 127 146
12 144 162
9 143 154
2 189 197
8 195 212
13 154 172
9 182 199
9 141 158
10 243 2530
8 182 197
9 162 1710
10 245 267
7 213 225
5 212 2170
4 282 292
11 245 267
4 228 2320
9 243 259
11 303 368
9 299 3080
12 238 2500
10 273 289
9 257 269
11 291 3020
9 254 268
6 292 306
6 282 2880
13 327 3400
13 297 318
7 431 4380
12 304 3160
7 230 2370
10 272 290
7 228 239
8 411 4190
11 373 391
10 418 436
10 378 395
7 300 3070
7 368 382
11 347 3580
12 402 421
17 378 402
10 369 384
7 510 523
16 374 397
5 452 466
7 403 416
6 471 485
3 472 486
11 439 4500
13 389 468
12 424 444
7 468 481
8 416 431
17 368 473
11 484 501
10 585 600
12 536 5480
7 427 441
8 505 521
8 606 653
9 437 4460
10 579 596
9 613 6220
9 523 574
6 451 462
9 666 6750
12 624 6360
8 385 401
11 632 649
8 492 505
7 474 488
12 752 7640
5 737 748
6 520 534
11 617 635
14 624 644
6 645 655
12 667 6790
12 637 6490
12 724 744
11 666 6770
13 531 551
10 647 662
5 371 383
5 730 7350
8 666 679
10 594 610
8 784 800
6 654 667
4 843 854
10 796 811
7 510 5170
8 767 783
8 741 758
13 690 708
8 977 991
9 806 821
7 801 813
12 642 658
8 765 778
7 582 623
7 802 814
10 696 7060
10 1032 10420
8 676 6840
14 944 963
10 586 602
17 963 1066
12 587 606
12 791 8030
10 890 9000
13 784 803
11 668 685
8 986 1003
12 967 987
13 683 6960
11 920 934
8 896 9040
11 995 1012
11 714 781
12 848 865
8 907 923
7 846 8530
4 951 961
9 783 798
7 771 788
17 865 8820
11 901 919
17 1114 11310
8 959 974
5 920 930
14 1041 1061
12 843 916
7 871 885
4 839 8430
7 1360 1375
10 1005 1021
12 1006 10180
9 1046 1059
12 1358 1377
8 947 961
4 959 969
12 849 868
12 821 840
8 1152 1166
9 1223 1239
6 823 835
10 956 972
4 859 8630
9 1189 1205
2 1126 11280
5 1143 1152
13 1473 14860
8 845 861
13 1226 1248
10 1129 1144
9 997 1015
9 1222 1237
10 903 920
4 1271 1280
9 1493 15020
6 928 939
10 1005 1024
0 923 928
8 786 798
7 1086 10930
8 1339 1355
16 1115 1136
10 1331 1348
20 1127 11470
14 1104 1127
11 1292 1310
9 1191 12000
4 1196 1204
9 1126 1180
10 1590 1651
14 1271 1290
8 1216 12240
11 1569 1589
8 1235 1248
13 820 839
8 1002 1014
13 1267 1287
10 1196 1211
12 1335 1354
10 1193 1211
10 1411 1429
10 1341 1356
8 991 1005
5 1038 1051
8 1081 1129
10 1401 1460
7 1386 1400
5 1345 1357
7 1307 1319
8 1440 14480
8 1219 1232
13 1365 1386
11 1129 11400
6 1240 12460
7 1214 12210
17 1261 12780
6 1594 1604
11 1298 13090
6 1270 1279
13 986 1006
9 1359 13680
9 1106 1123
6 1705 1718
6 1244 12500
11 1215 1234
7 1466 14730
13 1196 1217
13 1561 1579
7 1496 15030
13 1400 14130
8 1596 1608
8 1597 1612
10 1672 1688
8 1261 1273
16 1085 1109
15 1769 17840
9 1708 17170
6 1358 1368
12 1396 14080
1 1488 14890
6 1428 1464
11 2011 2030
10 1394 1410
6 1542 1555
10 1632 16420
8 1290 1305
4 1331 13350
6 1348 13540
16 1726 17420
10 1202 12120
9 1620 16290
15 1651 16660
8 1493 1507
3 1597 1606
6 944 957
8 1608 16160
11 1618 1633
8 1815 1830
3 1510 15130
8 1411 1427
12 1201 1220
11 1542 1562
7 1507 1520
9 1648 1664
3 1820 1832
8 1212 1228
17 1756 1777
9 1576 15850
3 1377 1386
10 1575 15850
8 1694 1711
11 1602 16130
12 1925 1943
12 1764 1785
7 1457 1499
6 1564 1576
12 1715 1733
10 1561 15710
8 1718 1733
13 2026 2044
8 1790 1801
12 1971 19830
5 1555 1565
10 2010 2027
8 2025 2041
9 1714 1727
13 2173 2194
6 1766 1780
7 1468 14750
10 2392 2451
9 2190 2207
11 1758 1777
9 1888 1906
9 1467 1484
11 1732 1748
7 1817 1832
10 1671 16810
7 1291 12980
7 2064 2078
12 1665 1686
8 1901 1950
10 1613 16230
6 2489 2502
12 2152 21640
8 2083 2095
11 1850 1868
2 1858 1867
10 2060 2075
11 2095 2113
9 1882 18910
10 1576 15860
11 2269 2287
18 2200 2307
2 1347 1357
13 1273 1291
13 2451 24640
8 2431 24390
11 2087 2107
11 2157 2222
10 2513 2529
12 1720 1740
5 2425 2437
9 1935 19440
11 1600 16110
9 2413 24220
14 2472 2493
9 1599 16080
13 1929 1948
14 2065 20790
6 1309 13150
12 2275 2348
11 2468 24790
10 2057 2072
10 1929 1946
8 1761 17690
6 2595 2607
4 2669 26730
13 1607 1626
9 1739 17480
8 2400 2412
8 2285 2304
11 1706 17170
5 2468 24730
12 2498 2515
11 1860 1876
6 2734 27400
9 1927 19360
7 2631 2644
9 2410 2425
13 2074 20870
7 1574 1585
10 2215 2233
7 2316 2329
9 2237 2250
12 2078 2098
9 1755 17640
13 2714 27270
11 2544 25550
12 2218 22300
5 2676 2687
11 2295 2312
8 2206 22140
11 2087 2106
7 2204 22110
11 1742 17530
14 2380 23940
8 2678 2690
7 2176 2188
13 2061 2077
8 1893 1910
15 1771 1795
8 2562 2575
12 2252 2270
13 2892 2913
13 2267 22800
8 2656 26640
12 2698 2720
13 3000 3021
7 2733 27400
2 2327 2339
9 2354 2368
11 2572 2592
9 3102 31110
10 1856 18660
8 1813 1862
9 2818 28270
12 2196 2213
8 2383 23910
8 2197 22050
9 2433 2488
15 2651 2673
7 2268 2282
4 1926 1936
9 2518 2534
14 2326 2345
13 2511 25240
7 2107 21140
5 3024 3035
12 2678 2697
12 2728 27400
6 2296 2309
8 2519 2533
6 2654 2667
12 2558 2578
10 2479 24890
3 1525 15280
13 2101 2120
2 1711 17130
8 3155 3202
10 2339 2356
7 2467 2480
14 1729 17430
10 3182 31920
7 2784 27910
10 3390 34000
10 2629 26390
9 2049 2064
10 1794 1812
10 2822 2836
9 2338 23470
8 3187 31950
15 2645 26600
8 2206 2225
10 2821 2840
13 2810 2827
8 3218 32260
11 1859 1876
8 2244 2257
8 2773 2787
7 2673 26800
8 2514 2562
7 2517 2531
5 3396 34010
14 2991 3014
2 2145 2153
14 2699 2720
7 2390 2407
13 2684 2705
6 3567 35730
11 2821 2837
6 2666 2677
7 2675 2689
7 2290 22970
9 2803 28120
11 2942 2962
6 3081 30870
12 2884 2904
11 3901 3970
9 3180 3195
8 2775 27830
9 2645 26540
13 2550 2570
9 3172 3188
10 2597 2615
12 2719 27310
13 3003 30160
6 3069 30750
6 2646 2662
10 2591 2609
13 2504 25170
6 2827 2839
10 3080 3097
6 3509 35150
5 3231 3241
9 1993 2010
8 2647 2662
10 2811 2870
11 3329 3348
8 2657 2672
7 3288 3304
6 3491 3504
9 2753 2771
7 3569 3582
9 2601 2655
12 3459 3476
6 2646 26520
6 2291 22970
10 4040 40500
7 3131 3147
11 2578 25890
10 2626 2642
11 2868 2884
4 3610 3619
12 3671 3690
13 2849 2870
8 2919 2966
