100
9 103 145
15 63 94
18 94 154
26 35 76
21 54 84
27 21 70
22 74 113
19 109 169
37 26 94
53 108 248
50 12 67
44 113 199
41 22 74
64 38 112
64 92 218
53 96 169
48 64 145
20 21 55
74 7 90
57 123 213
29 58 101
18 11 46
51 8 79
33 109 173
68 18 134
48 93 220
67 134 211
51 33 117
37 79 138
59 66 179
31 106 212
76 115 272
84 103 234
101 124 230
44 83 182
22 54 85
44 20 95
87 79 209
115 31 168
61 142 253
81 86 175
25 75 103
91 70 165
22 88 149
17 122 195
129 17 183
29 145 180
42 136 247
142 29 187
22 4 28
106 68 203
40 142 214
109 92 285
23 102 180
90 69 246
102 50 228
98 11 161
102 145 309
91 48 204
88 66 226
118 135 330
123 49 200
44 137 200
65 30 131
20 98 128
155 105 325
94 157 291
82 51 141
24 72 120
102 126 285
13 86 157
48 46 142
56 54 133
154 52 317
72 84 234
97 126 328
74 100 174
89 15 107
31 113 210
20 14 35
79 46 139
122 169 443
110 131 317
33 153 242
121 131 337
59 18 121
124 142 315
83 167 398
119 45 241
150 98 387
155 108 361
37 16 64
117 91 320
41 94 169
16 162 243
163 82 357
105 112 259
147 108 301
62 151 251
115 129 312