150
22 148 207
27 99 153
47 88 212
61 37 119
33 126 161
75 58 138
80 107 251
72 47 188
81 40 190
94 53 148
38 55 95
60 94 199
62 70 150
32 122 175
39 9 48
107 138 390
113 139 395
105 54 239
54 32 134
141 105 261
37 110 163
151 9 194
82 71 180
120 70 300
77 141 227
126 81 298
169 155 383
155 54 322
156 160 380
146 93 308
67 117 265
79 56 146
195 75 300
28 61 114
207 126 471
63 159 286
135 98 270
161 9 215
170 14 199
106 143 309
156 145 331
59 146 237
37 5 63
122 67 193
190 34 245
79 69 187
202 108 375
151 33 193
173 114 308
108 7 153
93 47 167
30 28 83
109 58 220
137 117 257
118 155 428
149 10 220
142 72 309
90 132 277
204 157 410
115 135 329
80 84 213
157 89 272
117 123 330
170 104 371
158 125 346
76 123 261
43 163 264
134 164 302
206 71 397
93 177 276
84 131 267
181 40 254
26 142 216
54 52 163
34 59 130
81 79 202
160 146 307
221 176 625
65 190 260
181 143 443
180 35 217
181 30 296
63 93 235
86 209 324
107 112 327
24 66 93
239 17 365
171 128 426
230 6 273
154 5 213
171 158 490
32 79 136
35 37 87
109 53 208
153 228 505
202 43 353
260 144 529
60 150 331
180 104 285
52 244 470
222 232 612
45 2 61
263 57 501
153 61 253
262 4 410
220 169 538
226 227 554
246 140 485
120 210 501
280 129 490
176 117 356
267 33 410
119 153 349
149 120 280
269 43 329
298 267 902
73 190 406
56 103 203
191 50 381
69 139 320
256 137 449
293 53 366
163 260 558
150 275 542
148 14 225
263 46 476
108 169 314
269 91 475
311 277 836
210 118 484
187 238 676
288 61 536
106 24 169
312 166 505
232 146 423
69 20 142
288 275 768
152 61 229
290 215 530
300 21 374
308 144 551
291 50 394
172 129 439
147 204 541
196 228 522
43 18 71
282 82 430
204 31 310
46 147 247
99 37 214