200
187 27 317
151 30 236
123 44 233
100 54 243
191 71 403
119 76 249
209 116 513
76 94 178
100 76 181
143 75 330
140 88 299
189 157 396
64 175 253
49 217 381
14 110 160
153 233 510
16 120 174
95 185 282
125 171 452
206 140 501
154 221 395
104 253 444
167 48 326
50 160 316
215 39 307
215 231 641
59 183 361
179 250 584
145 270 562
212 144 540
192 158 391
154 286 457
219 190 606
66 179 336
130 107 342
93 148 330
39 204 328
72 189 341
122 282 426
58 278 459
133 168 344
226 103 508
114 71 285
92 81 196
231 177 427
13 84 137
158 30 296
248 180 676
94 197 362
11 53 100
163 57 271
168 316 585
162 255 579
9 203 305
68 281 351
51 117 195
128 147 278
17 336 424
77 159 277
19 149 234
266 150 484
110 233 366
2 346 486
17 129 229
140 140 315
188 58 258
208 40 264
14 214 251
276 57 345
44 247 364
21 220 294
91 100 277
241 369 966
91 375 511
116 187 348
150 357 729
156 52 300
268 295 617
44 170 272
129 76 219
147 347 781
54 376 661
41 233 319
184 325 813
95 38 186
245 288 810
208 208 446
174 165 450
22 294 492
159 270 433
50 197 389
39 43 87
298 195 495
222 358 843
221 347 889
182 379 716
215 214 656
292 29 405
180 231 550
265 311 739
257 229 751
9 223 253
311 202 725
195 170 507
129 369 599
274 374 653
335 225 722
131 185 374
181 396 786
278 67 358
29 165 202
89 334 608
159 112 299
339 109 509
301 117 544
206 325 750
286 30 343
7 76 100
273 365 738
77 71 225
235 77 354
17 200 329
108 231 447
346 284 726
188 132 474
212 109 503
310 77 550
205 250 706
28 228 315
74 60 161
152 399 767
201 89 382
266 383 793
217 148 463
294 339 646
265 134 449
25 290 399
298 395 1064
20 84 160
316 432 964
337 181 524
367 472 1276
201 505 1090
184 416 735
276 435 872
197 170 385
386 251 807
376 321 814
339 429 1218
79 233 395
156 310 490
82 521 665
315 233 722
231 112 473
389 454 876
356 250 735
310 305 700
58 526 621
377 120 779
291 71 452
69 563 961
126 85 265
63 260 432
184 349 827
308 152 506
154 456 955
178 105 374
116 394 698
196 42 242
303 477 1046
318 429 993
257 440 1070
224 109 360
182 426 842
366 138 593
6 309 488
131 421 732
283 545 906
192 169 460
340 593 967
136 486 798
339 380 759
128 460 871
83 184 305
381 195 885
152 281 476
148 441 592
386 248 723
225 422 769
31 271 445
70 36 154
288 446 841
125 482 733
318 485 893
353 390 1167
93 505 727
350 568 1233
223 165 442
285 396 719
416 113 717