250
30 208 320
53 104 247
61 222 446
42 33 96
43 238 361
99 122 273
37 105 195
134 157 374
84 63 193
118 130 348
112 134 388
121 105 346
150 107 304
123 39 220
118 39 214
75 207 442
38 100 143
137 172 438
66 26 93
145 114 349
113 158 385
52 186 307
53 68 132
89 19 145
48 122 183
38 244 393
156 232 457
188 98 401
41 42 98
138 15 240
54 244 371
66 202 364
141 87 296
44 160 219
60 115 176
183 15 204
75 266 454
64 67 160
78 159 297
101 170 315
205 29 246
122 113 354
180 188 587
69 28 116
180 255 685
155 50 209
37 37 78
221 199 529
208 98 323
220 223 651
263 242 662
266 255 814
171 81 260
111 185 443
160 232 545
185 293 678
166 100 305
123 10 183
161 244 512
245 53 415
216 67 416
74 64 212
57 20 118
277 92 482
286 197 701
86 129 300
191 196 537
66 141 225
106 297 594
122 122 362
280 85 505
174 219 570
308 150 719
227 240 477
147 94 324
319 208 774
312 88 613
277 256 760
53 16 87
347 275 728
286 6 363
273 147 507
338 168 696
128 41 204
77 210 406
236 283 651
54 142 205
215 236 567
367 292 768
350 284 754
143 177 326
227 76 367
348 125 530
261 299 561
87 310 437
232 113 549
196 33 238
244 231 644
114 249 445
356 179 583
290 252 699
333 121 677
98 273 521
332 266 686
66 264 402
383 91 753
349 94 569
398 113 584
358 300 953
217 175 429
345 47 519
200 252 465
92 280 578
306 165 643
212 60 383
408 31 700
43 70 122
265 111 476
94 260 478
374 256 989
75 63 176
56 305 428
100 111 306
424 311 1092
460 216 924
417 339 893
59 261 506
106 181 372
221 47 369
428 241 952
500 57 812
86 47 193
163 15 186
136 360 520
134 7 184
139 146 401
195 77 384
126 18 168
342 69 611
285 72 428
135 114 311
328 34 444
493 53 837
323 233 737
173 242 573
458 149 786
131 17 217
477 122 614
443 378 1294
186 239 585
251 399 989
319 149 664
276 286 636
434 275 1079
500 352 1242
164 171 523
99 319 547
549 358 1168
451 403 1003
308 310 686
122 353 531
232 245 530
497 355 1093
251 389 760
90 197 433
168 247 624
268 163 667
601 131 979
508 147 862
144 387 843
518 409 1321
235 261 538
260 142 559
53 368 531
369 447 1000
100 210 440
644 68 976
501 137 1021
511 32 587
58 244 370
540 232 1015
76 203 431
631 156 1185
427 104 788
126 234 553
117 365 498
303 140 599
516 174 921
43 63 167
189 18 294
111 335 638
52 179 304
619 186 826
499 115 771
185 489 957
522 184 968
129 76 308
282 39 429
263 418 895
539 246 1158
671 268 1337
105 443 752
649 275 1222
152 138 438
499 461 1184
442 435 971
517 395 949
404 47 674
168 296 676
705 123 1124
204 407 743
120 124 385
687 171 1283
336 300 822
223 411 914
426 346 1096
570 414 1078
589 44 758
189 138 363
734 491 1347
401 295 720
531 51 612
712 466 1751
780 83 1118
486 298 1010
145 192 519
183 114 345
425 5 563
408 368 1059
540 238 1239
590 73 912
574 181 777
187 323 598
613 110 736
129 423 803
342 521 1182
543 413 1095
665 500 1811
176 497 778
100 34 209
695 362 1675
374 139 742
413 244 941
174 39 308
464 85 652
696 281 1059
38 430 626
469 261 952
832 304 1399
364 338 719