300
33 220 334
81 238 361
115 219 504
156 235 406
124 243 529
185 36 254
87 125 321
118 90 247
84 108 218
195 228 646
236 245 506
60 195 345
269 104 547
229 181 610
192 228 672
82 73 228
90 113 250
264 168 680
203 26 344
76 234 354
88 235 497
75 97 184
145 120 337
307 43 478
161 163 353
143 257 427
219 94 382
170 169 508
292 163 486
154 157 340
175 33 231
272 41 393
116 245 378
127 113 354
165 27 273
117 27 148
208 194 449
88 202 355
89 243 361
79 193 366
357 80 559
399 220 757
199 32 305
107 73 184
332 134 479
423 214 679
300 132 568
248 143 427
248 96 477
265 93 394
200 108 385
247 126 393
354 266 818
253 62 432
338 231 761
354 219 897
188 177 497
79 32 119
338 150 712
308 284 769
81 277 437
394 115 597
73 22 146
403 20 549
397 272 948
62 54 131
111 62 196
87 181 346
185 216 623
200 201 427
119 109 272
336 291 870
141 210 385
167 103 351
48 248 450
65 292 553
284 292 854
64 181 381
431 51 626
85 204 327
177 13 279
443 288 818
187 66 330
389 54 624
53 68 136
325 45 475
84 30 160
184 160 517
269 167 444
179 235 475
477 139 653
386 200 917
416 39 724
219 238 694
219 14 255
395 106 564
227 225 627
231 256 493
198 288 523
45 103 234
499 147 670
503 249 946
467 39 795
35 186 332
359 18 478
169 281 685
233 69 386
505 19 774
235 223 533
367 227 837
188 301 595
163 199 438
138 70 331
36 170 256
359 93 688
123 132 388
363 239 847
534 225 771
415 263 860
578 186 1032
611 99 1098
223 160 515
232 109 429
377 124 794
327 66 607
48 94 201
296 34 482
632 246 927
496 137 855
57 151 322
665 222 1162
171 201 537
559 280 879
247 88 358
372 276 1025
505 42 617
517 173 1061
269 24 350
670 183 1082
285 310 928
187 24 226
374 262 680
60 144 245
184 294 746
121 187 452
354 233 794
555 37 643
245 259 721
313 283 734
463 201 731
435 181 684
365 104 524
613 326 956
471 159 885
128 278 537
244 174 467
227 46 308
491 79 709
210 323 614
312 168 694
592 38 706
665 84 885
512 240 1110
146 314 588
158 55 214
439 51 631
61 292 519
113 325 607
630 83 820
115 199 445
43 225 373
571 158 1041
117 128 337
435 340 835
185 305 593
498 307 917
705 193 978
74 228 426
181 175 484
498 341 909
57 356 439
289 107 544
40 102 222
92 224 349
733 325 1643
446 220 670
224 225 670
543 298 1093
577 283 1189
439 53 670
317 301 709
782 55 927
567 275 1162
429 137 572
475 299 1152
435 86 734
302 54 483
423 255 1033
605 321 1168
431 24 580
631 111 819
161 183 436
640 269 1247
502 177 795
52 220 407
553 2 732
77 305 402
109 50 246
238 292 580
334 373 886
350 79 663
188 337 648
713 209 1057
395 169 602
365 285 913
746 379 1507
136 101 331
823 154 1018
447 31 496
703 282 1313
116 328 482
852 299 1162
129 134 304
506 314 862
725 377 1711
890 86 1063
275 75 426
744 32 884
53 103 240
135 215 449
322 385 725
282 332 893
564 340 1219
190 206 580
787 253 1627
166 383 680
504 62 629
835 420 1424
239 184 521
210 366 723
217 57 327
848 101 1426
88 425 534
896 211 1688
919 77 1387
864 200 1655
842 47 1110
777 107 1269
827 455 1941
238 147 440
178 68 304
182 76 283
805 398 1566
528 379 1417
344 53 580
568 85 1008
354 280 806
562 372 1335
701 177 966
280 66 347
881 123 1174
563 437 1056
892 376 1514
367 86 652
273 353 918
923 402 1958
290 279 690
684 406 1161
697 120 1027
40 185 240
844 334 1808
653 309 1426
184 65 365
401 169 845
649 228 1134
543 373 1428
323 164 724
741 244 1087
630 92 779
719 68 976
332 176 536
56 423 633
771 496 1687
45 111 190
416 358 1002
694 115 1084
958 124 1103
383 383 1016
445 18 496
243 261 519
908 353 1342
339 282 842
737 384 1244
345 90 541
826 42 1296
623 93 1122
823 239 1579
588 342 1120
721 11 914
92 85 190