350
58 128 249
134 136 293
125 106 257
147 86 334
217 16 360
92 51 151
255 71 413
231 63 351
190 5 234
110 133 321
122 65 203
259 92 352
235 88 353
86 95 235
281 84 365
197 145 384
62 12 97
152 112 277
183 61 363
333 134 705
138 116 401
393 24 495
151 107 388
337 145 571
213 133 451
317 83 632
252 97 423
81 6 124
94 33 178
156 13 180
76 132 289
172 33 214
430 134 703
200 69 276
455 19 494
469 160 908
147 13 171
446 145 752
367 161 745
497 139 690
400 35 550
410 55 533
431 123 562
99 98 306
526 12 548
583 14 607
516 110 688
209 121 433
494 36 674
188 98 407
469 169 673
546 76 970
562 169 1069
530 63 866
468 180 859
459 130 654
257 118 437
223 150 442
268 155 428
280 117 501
630 169 809
226 10 358
131 127 391
631 69 766
102 37 201
568 27 704
250 26 396
447 72 674
114 160 280
391 48 646
364 29 447
190 187 381
650 20 901
140 43 247
109 117 270
365 32 469
372 149 700
275 189 682
524 162 875
471 96 836
392 165 671
627 35 740
634 14 905
328 115 472
250 49 409
704 97 1155
506 47 603
98 47 198
183 134 370
699 7 1070
206 106 425
448 196 950
268 41 399
758 174 1062
121 21 196
507 50 589
489 93 912
803 93 1056
799 150 1097
146 160 325
129 178 418
695 128 1014
811 193 1494
837 69 1294
269 202 472
815 29 1081
693 41 1007
876 177 1259
650 46 962
678 139 985
296 146 464
804 112 1381
327 124 559
870 37 1003
949 168 1117
332 182 673
106 33 162
95 145 309
942 93 1355
857 212 1197
484 77 599
488 226 746
656 202 974
607 103 829
416 51 634
919 163 1652
378 136 626
887 186 1133
224 242 534
165 157 369
142 91 320
389 247 767
366 140 804
594 185 1052
309 65 469
303 10 442
239 112 437
414 253 694
508 262 973
110 241 425
377 74 485
682 79 990
406 129 796
813 148 1042
561 228 1062
171 119 381
502 80 813
496 271 876
65 79 165
586 239 970
843 77 1166
312 7 350
433 279 1130
378 33 470
297 289 635
134 100 254
75 153 318
129 242 514
377 157 813
394 78 610
483 271 815
781 63 1130
578 241 1263
160 55 315
183 165 435
1009 280 1671
111 166 418
197 156 428
702 56 1187
612 211 1024
516 181 743
442 47 608
805 143 977
861 316 1289
745 48 1130
702 335 1475
343 324 950
808 11 927
624 344 1383
594 7 649
291 182 641
912 321 1377
463 333 1144
852 171 1065
696 183 1184
87 329 562
192 289 632
1074 303 2081
617 206 1029
1042 147 1584
295 271 880
353 348 1038
835 243 1240
344 112 622
273 330 724
796 354 1797
959 341 1991
570 325 1246
726 242 988
799 11 815
1152 259 2116
1077 233 1338
179 9 260
435 2 494
86 279 441
1181 160 1589
251 158 604
1213 169 1772
371 225 737
1129 38 1513
1197 382 2044
1196 388 2316
936 409 2079
835 67 1228
851 335 1878
787 441 1650
505 81 823
68 407 544
217 476 739
802 172 1555
444 248 745
1216 29 1496
468 378 1244
97 167 340
797 152 1129
1115 177 1393
565 49 787
215 412 890
1265 417 1844
457 53 613
1225 378 2030
857 299 1837
882 58 1454
746 64 962
957 398 2152
1130 508 2437
531 524 1391
652 13 803
937 412 1897
134 544 929
1334 159 2067
984 25 1213
747 22 1132
1002 275 1965
500 375 1040
96 174 326
1353 160 1930
358 103 481
238 460 1016
1416 520 3074
894 594 1518
1113 194 1700
358 554 1189
1094 120 1555
598 127 733
197 346 764
1018 424 1639
692 239 1038
1065 484 2206
775 85 908
1033 276 1751
335 532 1295
374 136 706
394 20 579
1454 44 2277
230 453 957
336 306 849
305 281 913
341 484 1312
535 74 714
801 295 1184
773 272 1573
1025 349 1435
1392 417 2059
816 12 924
618 334 1507
865 55 1018
1415 516 2672
1016 651 1672
358 115 619
936 93 1550
1489 156 1692
461 334 862
1411 139 2012
1176 171 2119
1058 430 1850
1064 649 2604
1423 279 2575
181 393 842
1057 189 1654
424 416 978
1092 31 1160
1364 4 1723
1024 266 1643
1282 656 2743
1032 54 1178
1046 603 2449
1063 99 1388
1530 446 2292
1400 87 1653
1034 544 2206
789 304 1119
1324 530 2807
1598 189 2532
1047 178 1697
1446 526 3012
1015 375 1457
901 407 1435
1505 314 2884
1102 143 1824
89 291 510
1076 568 1712
321 714 1617
744 668 1956
804 553 1996
1437 151 2014
501 217 775
795 314 1276
71 168 254
104 661 1048
1485 225 2080
672 190 1059
428 131 851
121 364 577
1198 615 2406
335 81 522
1372 423 2650
1212 39 1413
205 718 1010
1610 514 2483
1506 254 2761
1398 503 2763
885 323 1783
1380 512 2278
846 563 1877
807 282 1142
430 33 527
1313 583 2054
457 753 1248
984 620 2488
411 174 714
1666 730 3543
1630 700 3070
719 468 1408
325 793 1211
779 771 1622
744 536 1294
81 210 425
1020 290 1716
1723 35 2295