400
230 106 346
207 214 649
56 265 482
128 319 465
195 316 530
124 213 460
177 429 606
201 476 967
30 528 570
231 459 909
138 122 275
133 202 375
70 528 808
186 147 482
207 519 752
117 321 614
14 195 211
34 630 741
227 579 888
21 723 923
177 235 650
190 592 1209
29 599 900
61 272 397
34 703 1097
141 436 859
55 704 1098
65 736 1059
172 126 351
112 396 783
101 634 764
4 556 875
207 205 565
7 312 339
9 431 563
185 785 1394
120 450 841
48 307 501
122 785 1239
228 448 991
133 770 1219
226 300 676
182 787 977
76 848 1013
45 756 1214
243 866 1488
161 279 517
76 275 361
2 271 428
213 888 1350
163 569 849
172 803 1366
162 217 549
160 820 1391
210 466 887
68 982 1458
140 673 964
48 741 1080
27 541 869
191 925 1699
66 693 917
225 152 462
112 984 1730
236 767 1334
132 1060 1228
184 1087 1533
251 657 1373
255 124 411
230 410 793
72 673 1130
213 292 677
251 1033 1550
128 243 425
269 1172 2235
149 128 310
154 718 1298
290 642 1192
300 384 1011
158 171 384
31 637 740
191 1053 1564
228 136 408
189 835 1508
314 130 510
90 552 983
179 607 810
228 953 1373
161 913 1173
211 510 872
338 1258 2184
119 991 1521
102 887 1446
365 599 1446
270 508 1187
70 312 388
278 351 875
385 545 1418
141 491 665
28 264 412
383 421 838
21 1153 1500
367 549 952
28 516 590
56 547 908
135 781 975
239 1328 1985
283 396 870
267 649 1110
375 755 1375
344 1056 1580
400 972 1556
214 373 715
410 1281 1792
451 1270 2272
269 1324 2065
447 972 2164
42 540 726
225 838 1324
272 166 520
229 351 810
203 968 1602
291 829 1577
399 538 1369
150 1321 2342
453 389 1142
324 227 566
475 752 1958
256 387 783
242 848 1266
362 1167 1885
81 621 716
347 696 1360
74 1324 2043
457 113 574
281 1342 2377
86 731 1203
462 292 754
310 1082 2119
405 1289 2531
211 1039 1447
408 699 1142
72 804 1172
505 597 1200
231 225 652
62 233 304
407 1047 1976
380 1333 2416
332 138 607
396 559 1475
60 334 537
204 699 1417
259 706 1400
150 869 1092
387 761 1806
338 865 1872
474 687 1545
128 766 991
202 1386 2201
342 1167 2242
401 1113 2276
221 1350 1648
22 1286 1687
477 1238 2239
390 153 846
259 624 1364
41 1295 1816
170 723 1274
246 149 593
236 1346 2358
97 851 1100
183 1465 2588
442 1535 1984
486 1141 1734
78 222 368
424 446 1258
553 1643 2777
141 482 635
54 641 726
564 1416 2633
164 243 539
45 1538 2374
265 1227 2119
366 550 1054
436 1228 2509
393 508 1432
209 1595 2061
495 678 1867
426 215 968
331 1687 3178
468 500 1513
24 673 892
600 1064 2002
335 790 1319
317 1157 2079
55 1370 1550
83 766 1227
505 1048 2080
87 1251 1398
480 1624 2184
28 142 235
393 1069 1658
531 1319 2500
351 1765 2192
348 943 2046
127 204 416
298 1562 2328
197 715 1232
115 160 300
70 628 748
14 995 1033
28 673 757
103 224 367
604 1648 2967
198 699 1260
599 1242 2509
149 1694 2914
567 1706 2904
463 1299 2679
542 1846 3491
17 433 532
324 1953 2824
121 1821 2030
261 165 478
351 558 1101
203 573 1087
136 1126 1582
229 1716 2258
639 1007 1869
403 125 764
320 1775 3130
62 283 475
112 1271 1952
221 906 1417
439 826 1772
143 1667 2223
87 916 1105
41 1143 1659
305 672 1021
274 1648 2999
492 591 1472
294 653 1490
587 1937 2552
6 1522 2059
569 1409 2503
687 583 2024
452 443 1187
9 1076 1334
366 1459 2860
189 255 598
619 1602 2958
455 395 1221
431 1343 2455
233 138 372
349 901 1934
635 1944 2831
47 1303 1507
364 1332 2654
456 1067 2223
513 381 924
681 1951 4156
651 331 1532
690 1857 2997
29 1855 2354
337 675 1018
541 1747 2724
538 745 1848
390 1519 2801
490 497 1148
512 1827 3581
468 314 887
354 873 1349
359 184 792
448 1584 3090
424 492 1249
613 510 1289
75 1506 1646
61 775 999
325 388 782
140 179 453
322 1081 1900
350 119 672
360 1255 2274
305 1069 1663
135 970 1606
423 1045 1834
638 541 1573
324 143 529
524 1960 3622
579 1813 3639
66 547 753
577 678 1416
107 1210 1874
129 1754 2305
92 1647 1918
436 435 1188
387 985 1838
3 641 724
759 169 1322
457 768 1390
156 517 1074
211 2030 3339
348 670 1431
428 1378 2116
238 1471 2523
456 1155 2508
387 1263 1919
138 795 1321
112 460 873
266 1731 2058
772 1685 3903
326 806 1667
828 1202 2917
128 762 1279
143 1289 1978
143 2018 2803
635 1018 2583
176 463 802
710 277 1291
870 393 1567
832 451 1641
690 2118 4442
582 2193 4212
786 1092 2086
195 227 554
9 531 745
718 1062 2748
152 143 418
89 1070 1346
406 498 979
150 1669 2265
882 270 1170
12 2250 2671
91 1177 1310
451 163 960
908 1197 2959
742 526 1396
349 1331 2477
138 1089 1805
887 2210 3594
762 2000 3161
183 2033 2510
463 631 1331
683 1427 2842
371 610 1307
2 614 900
679 2090 3022
69 152 233
37 612 891
678 391 1227
844 1107 1984
495 2092 2617
909 2075 4516
516 623 1540
261 1875 3375
755 2260 3220
198 939 1523
706 248 1335
538 2312 4316
147 2049 2643
962 182 1658
1036 211 1485
207 2225 2844
770 2409 4536
31 2051 2710
126 1017 1745
468 2141 4170
1051 1487 3481
48 2137 3132
794 1781 2624
811 2424 3747
463 2178 3673
414 2503 4265
786 1379 2870
347 2441 4010
135 1437 2333
14 406 613
753 1943 3337
756 902 2628
717 969 2149
618 936 2046
1108 968 3150
811 2561 4826
723 254 1403
407 1865 3296
183 1225 2002
951 1691 3834
242 859 1380
1075 2439 4762
168 2380 4075
151 299 707
494 1986 3501
30 2424 2708
256 112 506
1103 205 1378
1069 1309 3643
350 2033 2594
29 1143 1460
504 912 2028
1096 485 1966
269 1137 1701