450
308 404 811
494 405 1126
816 355 1338
780 143 1098
1136 259 1632
458 339 1146
580 423 1151
1417 73 1969
1208 354 1784
1449 59 2228
383 234 768
1116 276 1557
565 456 1418
1720 9 2023
760 396 1580
1909 490 3123
907 77 1075
1742 249 3026
1932 74 3028
967 381 1379
1166 334 1736
996 160 1544
773 413 1444
2204 90 3405
1025 461 1820
1404 412 2713
1049 432 1802
1534 468 3184
2518 517 3119
346 150 497
2804 368 3472
820 386 1514
698 524 1527
381 557 1406
2447 347 4444
2240 379 4157
2160 344 2711
3180 436 5166
3281 183 3864
1493 284 2255
2561 44 3049
3133 481 5707
561 114 866
3275 590 5239
2543 522 3127
2699 284 4036
579 627 1725
2006 618 3414
1547 399 2967
1281 432 2684
980 483 1998
3551 294 4822
448 330 1071
1456 47 1652
2695 411 4639
2691 500 4935
3879 607 5173
2780 537 4564
3804 315 5001
2666 285 3825
649 47 839
3134 466 3766
2825 453 4990
2979 409 5313
1556 359 2657
2536 320 4055
2062 337 2498
3815 265 5241
937 377 1700
1418 459 2724
4084 275 5783
1515 35 2102
3905 639 6560
2104 619 3745
1398 114 2295
2326 252 2792
3982 31 4838
3167 203 4811
1731 306 2768
3474 66 3988
552 6 772
1114 96 1229
3690 427 5297
1932 193 2568
2671 158 3930
3499 213 4065
1469 289 2790
922 361 1350
1055 146 1779
1836 432 3529
693 590 1561
1252 291 2100
1843 621 3545
3788 410 5565
2670 169 4014
2887 241 4729
1230 277 2243
3790 496 4598
846 504 1883
472 594 1623
2051 405 2911
2079 36 2288
3736 107 4647
655 681 1687
2700 9 2710
2419 655 4093
2814 429 5017
567 480 1532
3164 571 4660
4012 722 7061
3244 319 4573
523 120 930
2432 45 3664
323 793 1319
4366 774 7492
3083 242 4330
318 69 475
1005 835 2850
2344 485 4011
2197 245 3322
1718 368 3216
2419 898 5048
4015 971 5620
469 2 652
3720 804 6277
1187 182 1744
1735 687 3825
2584 766 5320
2097 1015 4407
471 221 856
1326 24 1523
2826 642 3569
2974 571 3589
4656 123 6988
2029 720 3639
3368 350 5076
3426 836 6037
3172 972 5088
4867 266 7711
1488 328 2015
1260 619 2606
4532 872 5902
3085 1077 4221
654 1035 1866
1435 748 3248
4908 161 7091
4136 117 6573
3088 484 3784
2639 62 3884
2557 938 5003
4156 197 5809
3917 785 5411
1122 56 1230
3913 390 5870
4473 978 5647
5108 431 6099
4769 684 7479
2624 1043 5714
3980 502 5401
4268 156 5394
1957 1109 3467
2230 108 3344
3552 314 4867
4947 464 6220
2055 797 3232
3550 472 5306
774 509 1536
4179 1007 7322
4072 492 5466
2568 113 4063
2670 1144 6089
5179 1163 9463
1167 1273 3212
361 1397 2249
5329 128 6969
3580 242 5060
4546 523 6266
1600 1110 3912
5654 920 8936
5543 135 8059
1613 1412 3698
1505 1312 3879
1428 991 3372
3058 453 4526
5382 351 9005
1142 1277 2892
1010 722 1892
4534 616 8146
3001 752 5809
3044 968 4200
5773 54 7751
4836 260 5130
1749 1032 3161
1227 1499 4337
2147 1626 5916
6057 1273 11424
3519 731 5852
5604 1098 10346
6458 514 9961
4433 202 7045
5883 247 6177
486 147 732
3338 885 5063
5074 1615 9169
1659 1175 4127
2961 525 3507
3465 38 4179
3854 1091 7225
6354 1339 10676
2638 407 3170
4012 1542 7679
1186 1732 4182
3306 662 5400
6073 12 6530
1917 1222 4532
2833 1560 5461
4620 1863 6927
3557 1397 7715
6083 1680 10847
2987 537 5335
691 627 1962
1801 1425 4025
4117 365 6801
3266 377 5563
3823 1834 7160
616 1351 2691
5548 204 8214
898 1309 2841
4836 1069 9304
3965 1226 8213
2711 1605 6200
2430 1184 4545
870 915 2206
6060 1895 11099
2110 1317 3459
1888 1578 3574
4237 1898 9280
1169 1175 3740
800 1591 3596
2604 261 3954
5193 1904 10174
2465 216 3504
6827 1351 12071
6858 394 10631
6954 707 8233
1488 1439 3369
3487 640 6463
6206 1543 11727
4769 1367 9233
2835 1955 7077
5406 1100 9789
5754 63 7844
2259 1321 5177
4474 605 7185
5800 88 9005
5570 1288 8668
2492 1947 6233
3528 1385 5902
2161 1997 4816
4249 567 6202
1061 1154 3026
3770 903 5094
3420 2121 7344
4297 1283 8846
4018 1873 6530
3467 2047 6683
1944 257 2975
7107 1319 11957
5351 2031 9310
4124 326 5033
2547 972 4953
1015 1341 2925
2574 847 4957
2452 195 3419
6252 386 9032
6637 822 11185
7022 416 7566
3270 1646 6364
4775 1894 9607
6774 214 7803
6581 642 10504
6300 1631 10048
6818 677 10454
4353 2237 7036
3122 706 6077
3204 1438 5299
5456 2318 10830
2909 1821 6452
3204 624 5764
1877 175 3049
1523 983 2796
1001 1103 3091
3880 1047 6436
4218 2199 9531
2081 1199 4568
1776 888 2675
2406 437 4028
7267 1927 13082
7479 1904 10823
2854 2540 7063
2463 593 3775
5856 951 10835
4411 939 5422
3920 826 6981
1059 2569 5171
3162 624 3891
1704 1086 3854
1364 1768 3773
4701 2406 9021
746 3 1009
3585 2024 6398
800 2581 4643
2701 2465 6562
738 361 1274
3181 341 4833
3613 1858 6168
5446 906 9145
5328 1818 11049
390 1175 2127
5849 213 6887
1114 1936 4042
903 851 1757
6092 772 8198
7834 637 13243
7224 1821 12858
5556 1971 7845
6784 1691 12393
7574 2347 12290
5389 890 6458
2061 352 3194
3837 228 5562
4214 2495 8458
4273 1656 8147
2597 512 4863
724 2323 3679
2610 165 3637
1600 317 2628
5707 1144 10612
3232 1890 5383
3883 619 5729
3569 2678 8787
6187 105 6393
1409 644 2685
3577 1318 7108
6593 978 9415
2294 1537 5396
7079 2527 9918
8036 2206 12323
7413 2680 13270
7043 1683 8973
8325 2829 11776
7721 258 8731
5085 2710 10949
7683 757 11114
3267 2028 7156
4162 2738 8277
4090 987 6172
2552 1556 4965
2010 2020 6125
2691 2742 6848
5630 983 6856
7136 1559 12335
4395 316 5074
2641 1677 4563
2137 444 3772
5730 2682 13112
3353 1038 5145
644 139 801
7924 2821 13389
2011 149 2538
5882 2985 10959
2456 2805 7818
8572 1698 12753
3398 2051 7406
3258 2244 7314
5208 1159 8844
656 2676 4882
3304 3227 10026
5397 14 5868
6345 542 10064
7962 1402 13330
1200 826 2105
2925 2985 6024
2085 2065 5083
1775 606 2395
1026 2004 4355
8421 2965 15368
2497 2050 4726
5195 2660 9477
8472 1502 11158
4352 2733 10315
1666 1526 3967
2465 199 3544
4500 2474 7057
2471 1363 4151
1313 1213 2695
4795 1758 9275
2480 83 3110
7397 1291 9164
3290 3349 8898
333 2558 4539
2239 1138 5299
7763 3641 11936
4443 3713 12987
2120 1205 4918
6959 587 11758
4462 1939 8140
6018 3700 11943
914 1377 2883
3926 601 5128
4637 1936 8897
4054 4035 8406
2875 3054 6721
1059 307 1948
4156 264 6697
2383 1862 4850
2508 1634 5955
1790 1912 5197
2633 938 4301
854 2891 4029
4050 1870 8008
3907 2436 6974
6624 3373 10900
2558 1069 5448
7983 3297 15432
578 328 945
6831 2726 10308
2039 3970 7296
5467 1204 8449
7140 2355 12755
6122 1820 9381
6289 287 8478
6554 2078 12395
7947 2309 12012
8639 3018 15615
5486 4106 12970
3553 4055 11410
3505 1196 5901
1484 1773 3413
2821 2014 6571
4674 3693 12272
5035 2584 11312
3595 816 5057
6503 832 10039
397 2820 4462
4288 1040 8009
939 2813 4377
7994 2552 16408
7638 3912 18208
1552 3639 7132