500
373 321 1066
207 580 962
171 607 909
297 356 694
307 741 1537
319 569 957
225 404 924
315 982 1422
353 670 1228
209 1192 1968
378 1018 2141
376 642 1460
26 431 526
19 339 558
228 1383 2562
108 869 1260
158 1476 2053
377 854 1336
235 566 1000
13 393 649
325 1416 1943
194 1228 1847
333 850 1447
71 1775 2819
61 926 1162
253 1892 2871
166 1367 1538
118 535 944
303 1164 1726
15 838 1347
209 1801 2429
254 1266 1606
215 602 1001
300 1581 1991
285 1172 1710
169 1027 1582
288 2073 3326
259 1167 1730
150 426 868
49 805 1063
332 1145 1883
237 817 1140
319 1095 1858
20 939 1452
280 2070 2696
231 1484 2257
140 1726 2763
50 1234 1933
41 2012 2584
366 882 1429
305 1740 2659
49 378 589
217 1810 2499
235 1164 1516
288 1755 2653
49 1491 2367
73 1521 2206
38 1603 1661
73 2318 3793
150 2288 3289
207 473 790
206 1456 2484
99 2059 3139
232 1679 2239
328 2190 3735
390 482 1284
82 2102 2440
273 658 1297
99 2569 3557
409 630 1211
347 1318 2233
218 2247 2517
5 1945 2560
130 2373 2764
402 1907 2653
303 391 812
249 1277 2055
179 1877 2986
266 1136 1811
247 794 1513
380 1522 2292
174 660 1105
303 323 786
258 2574 4382
146 2224 3426
277 1148 1779
263 572 1183
180 856 1594
288 653 1110
209 362 832
92 2068 3184
267 1985 2705
295 791 1520
229 2582 4283
442 2087 3227
64 2368 3454
251 653 1152
486 2673 4225
33 1558 1964
386 983 2000
500 2246 3323
313 1929 2676
471 825 1672
267 2136 3141
472 490 1500
8 371 547
201 614 961
46 358 568
417 2296 3579
243 520 1076
380 2139 3276
326 1395 2380
59 2898 3985
88 2586 4215
432 2371 2897
49 2252 3331
267 382 830
399 2630 3565
227 733 1331
3 2516 3595
380 1035 1636
178 1895 2248
317 1094 1456
548 900 2158
57 1519 2068
392 2615 3390
461 2810 5205
1 2705 3529
514 696 1772
596 2620 3422
466 2953 3472
632 1948 3395
338 2700 3824
329 2737 3664
60 1506 1584
497 701 1435
447 1768 2349
366 1483 2508
536 2088 4195
342 2389 4156
511 895 1745
386 3210 3745
514 3006 5085
436 2561 4122
342 1442 2802
198 1064 1827
646 663 1789
166 630 922
171 1709 2030
99 382 543
22 1045 1676
599 1717 2950
570 948 1897
494 1816 3596
306 2299 3637
187 1423 1673
155 911 1505
252 3222 3863
591 947 1688
76 674 782
471 2570 3209
357 1794 2658
297 1617 2033
677 385 1310
601 2193 3248
43 575 831
19 487 669
456 935 1581
222 1627 2683
203 1485 2435
405 2685 3637
332 2110 2748
708 3444 4622
583 1812 3756
152 2995 3375
203 1212 2193
593 2666 4836
186 3020 5065
680 380 1362
578 3552 5849
761 1699 3843
43 1673 2001
158 3568 3857
762 3818 5091
164 868 1472
753 2197 3389
326 1388 2328
412 1427 2033
401 1189 1790
344 1535 2015
507 1235 2146
505 3386 5388
512 1349 2922
271 1213 1988
225 2721 3646
172 3026 5093
811 3578 5825
273 3206 3852
312 1261 2119
871 1603 3630
255 2986 3450
337 2728 4575
225 3324 5465
845 1728 4066
659 1867 2900
208 1425 2339
197 1933 2335
130 2494 3757
521 4073 5196
665 562 1543
599 2968 5262
597 638 1901
122 1307 2226
497 1505 2060
625 1228 2774
595 2465 4160
315 3481 4658
367 1327 2542
515 2643 3812
862 3260 4353
575 4083 4729
716 2846 4663
763 1130 2696
951 1112 2802
724 3987 6936
1022 2210 4787
805 1016 1861
97 583 1021
796 1105 2991
1017 1182 2458
364 4232 7260
138 747 1048
138 1388 1548
176 3218 4347
903 2314 4421
305 3738 4238
367 4252 5372
306 4402 6909
1032 1786 3568
466 880 1547
47 3122 4300
136 516 1038
375 2779 4790
544 3993 6623
1015 4453 5612
41 1219 1716
280 4297 4751
427 1970 3763
814 1985 3327
57 3077 4710
647 2093 2993
927 4418 7429
174 3223 4186
1012 468 2071
379 4086 6060
348 421 1189
970 2382 4481
346 1036 1568
342 862 1784
805 3279 5397
1048 1906 3205
219 3811 5823
860 1353 3447
311 1871 2929
824 4517 8431
403 2532 3886
560 1034 2243
457 1571 2826
408 3103 5465
174 2164 2377
478 2581 4247
153 1167 1432
970 1576 2975
916 1948 4028
478 4750 7562
326 3888 6067
955 350 1532
644 4632 6818
165 3636 5902
654 1346 2525
445 3629 5970
422 1550 3063
810 1934 3703
1076 1798 3791
865 1487 2653
169 1453 2025
487 3686 6293
642 2024 2706
79 2142 2864
1078 1397 3956
89 1355 2245
134 2693 3378
757 1858 4070
299 1850 3113
693 3519 4672
302 741 1125
382 4691 6507
834 4921 6086
234 3606 4333
456 4983 8433
313 324 697
953 2163 4870
223 4258 5974
148 1615 2547
680 4793 8313
329 3679 5470
1176 3924 7594
719 4379 7044
344 718 1334
989 1619 3651
561 1360 2175
41 2578 3308
1099 1645 4082
818 3786 4646
183 3555 5143
645 4656 7330
167 549 836
842 4424 6258
389 1608 2816
554 1800 3016
477 5040 7157
1235 2509 3876
37 4913 6396
1252 3600 5386
678 586 1564
592 3286 5377
79 3176 4108
855 1555 3419
1003 3777 5031
1329 1266 3512
518 3450 4087
1216 3005 4696
155 2517 4176
943 2425 4153
1333 2051 5070
990 4983 8401
1407 3861 6359
392 944 1404
1136 739 2372
1418 2106 4439
247 5362 6614
314 5443 7003
1388 2134 5415
1428 4401 7937
294 4054 4573
864 512 1426
1172 2636 4751
846 1986 2951
640 5673 9526
1305 1727 3919
1363 1143 2790
949 5731 7259
911 5782 8743
689 4465 6258
96 6073 6406
1186 853 2247
171 705 1123
741 755 2013
162 4555 6762
281 2994 5099
34 6322 6634
1185 2021 3461
83 813 1033
689 5470 8308
1227 3307 5333
848 632 2172
417 3081 3621
830 2616 4569
1028 3556 7243
1485 4293 7938
921 3703 4786
138 6147 6675
1333 1759 4409
1153 577 1805
997 4911 8611
973 5133 7608
1580 4489 6984
546 2577 3224
1113 1459 2713
814 3642 5165
762 3181 5995
1110 1977 3880
228 2779 4124
1623 3834 8445
859 3671 4631
3 5381 8298
1004 2549 5130
1710 5882 11866
267 5526 6369
1789 1479 4772
1935 4008 7414
1538 6378 8520
1106 1287 2641
1714 5683 7410
186 2556 3255
1722 1746 4124
467 831 1995
1506 1642 3530
1617 1889 4570
2024 463 2548
1182 2193 4931
1214 2925 5028
673 1377 3174
656 6006 8334
1469 3650 7825
553 2825 3389
1715 5512 8933
1828 3973 7323
321 3788 6104
1048 5000 6458
482 5147 8195
878 4866 6938
852 4998 8554
270 4359 6325
1248 2482 4222
2035 4467 8122
1293 2178 3491
1797 4448 7831
436 3509 4763
1671 4655 7723
1548 6232 10494
1884 2238 4912
14 468 702
153 2647 3155
591 6682 7388
200 4897 7241
1912 6955 13893
1617 4713 8351
778 5506 10010
2185 342 3995
944 6026 7386
2294 6398 9994
322 4315 6913
1335 1374 2982
517 5386 7538
1279 2664 5005
2139 4158 9448
1853 5542 10208
715 4239 6745
413 6817 8170
2457 5488 11847
781 6967 8453
2294 6258 10162
190 653 958
2648 1899 5283
1061 5268 8360
2063 3733 6257
2739 6445 11976
2174 1607 4603
2747 898 4468
1130 5790 8771
2986 3249 9939
37 3858 4147
2940 2159 5248
2591 7293 11986
967 2578 3825
1084 5376 6933
2146 7603 13449
469 5393 6490
3265 5460 10598
156 6196 8464
2499 3647 8169
751 4206 7817
580 5921 7816
125 5690 7189
2995 7098 13434
700 4088 7335
2572 4178 10533
697 1908 3987
2435 7626 11048
1643 903 3409
823 4221 5824
2120 6476 10163
2370 6738 10878
975 2599 3874
978 1760 3556
3207 5088 12368
792 1540 3154
986 7421 8433
625 5783 8062
2272 7209 11952
617 6882 10449
1568 7093 8778
2509 3758 7163
2567 2282 6442
1812 4143 6189
191 3978 5345
1764 4659 7561
2451 3459 6028
1909 2280 4978
2794 3749 9939
2205 2510 6385
1015 6149 7328
3357 1454 5642
2014 1169 4026
3264 322 3723
2764 3547 6710
1582 7717 12818
741 2773 5028
3229 771 4184