100
46 226 280
59 740 802
61 265 329
75 1013 1100
56 1105 1161
13 264 278
71 956 1040
62 143 215
41 402 448
42 879 925
73 508 594
15 6 21
52 368 421
26 708 737
45 324 374
36 137 174
53 1099 1157
63 274 337
31 414 446
11 214 226
52 629 682
55 773 833
48 512 565
41 1008 1056
37 46 88
80 511 606
54 57 113
12 64 76
30 372 405
59 146 216
20 353 376
77 950 1040
78 101 186
74 1060 1139
78 322 400
32 1164 1200
68 272 345
31 324 358
72 1104 1178
38 1064 1109
16 713 730
56 62 125
41 662 705
20 1146 1167
33 324 363
51 1000 1053
37 998 1036
16 700 717
75 831 918
25 633 659
70 5 83
80 727 810
47 91 142
33 89 126
22 774 799
62 883 956
54 1144 1208
13 176 190
68 563 637
69 402 472
15 1106 1121
35 410 445
77 457 546
61 496 560
38 1148 1190
74 365 441
18 623 642
67 3 73
37 721 761
44 715 767
64 785 859
33 448 482
48 567 615
33 214 251
48 1055 1103
46 943 992
15 94 111
70 657 734
21 729 750
66 634 712
72 6 79
24 1059 1083
34 179 216
79 820 910
35 558 593
32 455 491
74 572 660
29 785 816
23 669 694
30 656 690
80 883 967
80 233 321
19 141 160
51 191 245
72 440 519
77 882 959
34 814 848
68 176 256
41 944 992
70 817 898
