300
11 3154 3165
75 1044 1127
73 121 197
12 1328 1340
66 2986 3059
62 260 333
21 2274 2298
10 1200 1211
48 2329 2386
13 1105 1119
29 2416 2447
77 942 1025
20 925 948
54 991 1047
53 78 138
10 820 830
22 235 258
63 1380 1448
55 1629 1689
45 733 782
51 2794 2848
57 3098 3155
14 4 18
12 2457 2471
19 1353 1373
43 3143 3191
78 823 901
32 2100 2136
68 692 762
50 1051 1101
60 834 903
21 2739 2763
25 2829 2858
28 1227 1258
60 698 769
22 661 684
25 1349 1376
13 1314 1328
13 220 234
61 606 677
53 3031 3084
74 1482 1564
52 2788 2842
23 1358 1384
40 368 412
47 609 662
30 1546 1578
15 2571 2586
26 1870 1897
68 2593 2663
46 1541 1596
58 2950 3014
25 866 892
65 2415 2487
66 606 683
59 2679 2741
50 1343 1402
61 1196 1257
74 2165 2245
16 2297 2315
17 1287 1305
29 1135 1167
72 2237 2315
60 1271 1331
32 1811 1844
33 563 597
35 2324 2362
60 1963 2033
68 3027 3107
41 2355 2403
50 2954 3007
58 1905 1971
51 3187 3245
10 362 373
40 2239 2286
25 3218 3244
21 378 403
16 2681 2699
26 3218 3248
74 267 346
67 1862 1933
27 1109 1138
28 38 69
16 1974 1992
59 2511 2578
38 119 160
58 2905 2964
53 125 185
41 2170 2217
76 1441 1523
35 2659 2698
63 2409 2475
20 1585 1605
12 1859 1871
76 2016 2099
17 788 807
31 2732 2763
73 2506 2592
64 1235 1309
29 6 39
19 1497 1519
52 172 224
40 2844 2886
63 1758 1832
61 512 582
54 3141 3195
47 2351 2401
59 690 758
54 3087 3141
34 914 953
58 2181 2244
18 1550 1571
30 68 98
23 2326 2351
31 319 353
69 1862 1940
15 2224 2241
78 2400 2491
30 2982 3012
40 2658 2702
73 1050 1133
51 2692 2750
77 866 956
25 2303 2330
62 1800 1871
42 3170 3214
57 85 144
66 2601 2678
49 2308 2359
38 2749 2793
55 935 996
75 1196 1278
21 2722 2743
22 2901 2924
57 2131 2198
50 874 928
59 1370 1433
76 2176 2263
46 1765 1816
17 3260 3277
74 2355 2432
28 2909 2942
48 3041 3096
19 2516 2538
59 515 575
50 1116 1175
70 172 255
46 3092 3138
54 1116 1175
18 2015 2035
75 459 547
48 1243 1291
11 2788 2799
53 21 77
34 1443 1478
72 1672 1747
76 404 486
19 748 769
17 2099 2118
22 777 799
20 3258 3278
47 1371 1420
76 515 596
40 2096 2139
41 2741 2784
31 654 688
60 3179 3239
41 1232 1280
76 26 109
72 405 482
41 1040 1084
52 563 618
20 2869 2892
33 2129 2164
56 1702 1765
29 1443 1472
16 561 579
19 2872 2893
29 3152 3183
50 406 462
54 990 1051
17 2940 2957
40 2008 2056
63 1273 1340
39 263 305
30 604 637
66 1811 1881
35 2567 2607
33 2571 2604
50 5 64
16 1679 1695
37 2604 2641
52 77 136
27 742 770
14 2272 2287
56 1569 1633
41 2877 2921
58 1617 1685
17 1675 1694
19 821 843
32 3 37
60 2015 2086
79 1965 2056
39 2126 2169
41 1616 1657
37 1140 1180
34 1755 1789
74 2837 2919
44 2515 2559
76 1611 1687
30 1766 1800
32 2880 2913
71 310 383
40 177 217
31 2332 2367
29 2140 2173
31 2655 2692
53 987 1042
77 564 651
19 923 944
41 216 259
80 2474 2557
28 681 714
54 1435 1492
60 2066 2129
21 2298 2320
54 470 528
28 3182 3211
44 1145 1194
17 2067 2084
13 1979 1993
25 3253 3280
23 921 944
41 3226 3273
41 1551 1597
52 458 515
78 2999 3082
26 1678 1707
77 1383 1461
46 1577 1629
75 1147 1234
11 2732 2744
55 1701 1761
73 1312 1389
47 941 995
59 752 818
75 1794 1870
20 655 675
20 30 53
10 2996 3006
21 2051 2073
55 1480 1535
57 227 291
65 783 854
42 3216 3265
57 263 327
22 2264 2288
23 187 212
55 2913 2975
71 1908 1982
16 2242 2258
47 2945 2995
57 1584 1645
28 1197 1225
51 325 381
73 3263 3338
38 949 990
57 1914 1980
62 127 190
16 518 534
38 2353 2394
37 653 690
42 2755 2800
46 2758 2806
60 874 936
53 2105 2166
14 2665 2680
62 2261 2331
74 1496 1575
30 1282 1317
59 1708 1767
18 1316 1334
76 3033 3113
76 784 869
70 2802 2879
28 466 499
78 364 451
56 2606 2671
68 2466 2544
64 311 387
34 3093 3128
78 2559 2651
34 1713 1748
57 1006 1072
45 2679 2727
25 2830 2859
23 409 433
76 1901 1978
61 2058 2125
30 2461 2494
