350
43 1289 1339
72 3367 3441
54 1411 1471
40 1278 1319
49 3670 3722
29 3515 3549
77 1590 1680
47 182 236
59 1488 1552
75 1953 2034
73 2627 2714
34 3188 3223
62 510 582
24 1357 1383
14 1090 1106
17 139 158
77 3421 3507
22 1699 1724
54 2009 2064
17 3759 3776
37 938 975
55 2907 2963
54 417 481
21 2492 2514
45 2056 2105
37 400 442
15 1133 1149
59 3181 3245
18 2257 2275
22 3148 3170
37 2423 2465
21 2597 2621
13 2368 2381
30 2385 2415
37 2146 2184
39 474 515
11 1840 1851
45 2994 3047
62 2553 2624
70 2105 2185
43 659 702
19 1559 1580
24 2 29
45 3705 3752
28 1410 1441
59 1363 1427
39 1657 1698
66 2307 2383
79 3799 3881
63 3625 3699
73 607 688
39 2002 2045
14 3456 3472
30 2943 2978
66 101 178
65 2993 3063
60 1783 1844
63 510 584
73 2727 2805
72 802 887
47 3713 3767
24 2096 2121
31 1109 1145
70 2193 2265
50 3218 3269
39 2625 2665
14 3096 3112
41 3037 3083
39 3634 3677
28 1139 1168
11 3631 3643
44 1941 1985
69 3095 3164
43 2397 2440
27 3540 3567
18 1244 1262
12 1169 1181
78 3334 3426
11 1132 1143
63 652 715
68 1419 1499
47 609 658
49 1029 1084
21 2049 2071
31 2369 2404
18 2142 2163
47 770 819
22 1670 1694
58 2101 2163
10 2179 2189
62 3572 3643
19 2818 2838
36 93 130
16 1735 1753
42 1547 1595
20 1341 1363
72 1562 1644
37 3034 3072
16 1191 1208
22 3521 3545
49 1747 1800
76 3538 3624
74 52 140
78 1500 1593
30 3 35
30 1489 1519
33 181 217
38 2903 2947
28 1425 1454
12 2592 2606
14 306 322
68 1094 1167
57 3494 3553
26 315 343
79 3095 3189
32 2232 2267
55 1036 1102
69 1278 1348
50 1082 1138
18 2903 2921
19 2545 2567
70 5 82
50 880 938
27 2773 2802
53 2811 2871
70 655 727
39 2368 2411
53 476 535
33 137 175
31 277 310
31 182 215
40 516 561
52 3299 3357
35 1200 1237
61 1693 1763
76 2271 2358
63 2915 2985
57 2560 2617
56 392 448
37 283 321
26 337 365
31 1876 1910
65 2594 2661
11 784 795
67 509 586
20 1066 1089
71 3221 3297
27 3482 3509
77 717 797
43 3172 3219
37 393 437
51 302 360
29 622 655
74 2428 2511
66 1491 1564
20 3575 3595
40 3620 3665
15 1749 1764
42 281 323
10 224 234
19 3342 3364
45 2954 3004
42 1694 1741
46 1204 1255
15 1078 1094
24 2618 2645
41 3154 3197
12 3540 3552
11 2960 2971
31 2096 2128
55 798 861
29 3670 3703
28 3704 3734
50 3034 3086
51 2012 2069
47 987 1034
61 1772 1833
69 3041 3116
53 3665 3727
76 3576 3658
11 3412 3424
18 2725 2745
69 2012 2085
20 2593 2614
50 2671 2730
59 1282 1346
60 135 205
24 1452 1477
44 3286 3332
56 2394 2457
70 348 418
68 1458 1531
22 1468 1491
24 2515 2543
62 886 957
69 1597 1671
49 347 403
20 865 885
68 3752 3820
17 569 588
42 3373 3419
25 2512 2541
41 723 772
19 3486 3505
66 1325 1403
57 2264 2328
41 1659 1706
14 392 406
63 2682 2756
57 1167 1229
44 308 359
43 94 139
19 2405 2426
68 3235 3315
22 432 456
58 1091 1158
11 3429 3441
38 417 458
73 1372 1445
31 3574 3610
72 3789 3869
41 977 1024
74 1889 1977
71 2062 2138
57 3667 3724
66 1198 1271
79 2978 3059
43 803 850
32 2546 2580
41 2863 2904
58 981 1045
26 2719 2746
58 2178 2239
19 1340 1362
34 3297 3335
58 469 533
64 1233 1307
50 89 146
63 227 290
30 2873 2908
58 2868 2934
67 2476 2547
45 1693 1738
51 2151 2207
77 1783 1865
34 278 314
52 3384 3438
39 2520 2566
65 1133 1201
74 666 741
62 2943 3009
12 855 868
73 6 83
76 3099 3178
34 574 609
56 2521 2579
70 2729 2802
58 3322 3387
48 2232 2286
16 1079 1097
75 186 272
73 2134 2220
64 1234 1303
30 2060 2093
66 1601 1670
80 2771 2860
62 893 963
48 51 99
48 1362 1419
76 1890 1969
57 2364 2422
55 1945 2002
20 857 878
14 3412 3426
49 1846 1900
16 2240 2257
11 782 793
58 3759 3818
78 3235 3327
35 2479 2521
18 3380 3399
63 1657 1731
37 720 761
66 855 930
34 48 86
68 581 651
22 1230 1252
28 1458 1487
77 2811 2898
38 3172 3214
53 2274 2332
56 140 203
43 572 622
43 1743 1788
33 1027 1060
46 2428 2477
23 227 251
22 874 897
20 927 948
11 2492 2504
78 1894 1975
46 2314 2366
25 3143 3172
48 336 391
60 2671 2733
60 2438 2500
48 3141 3197
57 436 494
14 3531 3546
21 3452 3476
49 933 986
42 2308 2353
39 49 93
56 1765 1824
34 1322 1361
67 3447 3525
28 2684 2715
57 3474 3535
20 2312 2333
36 2825 2863
27 3534 3561
63 974 1042
63 2179 2250
34 614 652
24 2982 3006
73 1589 1673
40 2772 2817
15 1554 1570
55 459 516
73 2626 2712
22 1171 1196
36 3705 3748
35 794 830
39 775 821
35 3291 3330
80 942 1030
38 2766 2805
66 1842 1915
47 1956 2009
22 2239 2264
14 3541 3557
17 3326 3344
63 1838 1909
36 2872 2911
58 734 795
45 3744 3797
71 230 305
39 1022 1061
20 1164 1185
39 3449 3490
