400
46 2 56
77 2648 2728
70 1132 1204
40 2320 2366
37 4102 4141
13 2016 2029
78 2214 2294
54 3583 3647
48 114 171
12 3159 3171
51 1373 1427
43 2101 2150
28 660 689
54 1861 1923
56 788 853
58 1187 1249
59 3578 3642
50 2441 2498
60 171 234
33 3114 3152
59 1791 1855
79 1663 1753
34 536 572
80 1215 1308
30 2260 2290
29 970 1002
39 1884 1928
21 1859 1883
49 3202 3258
12 2890 2903
78 1426 1507
30 2129 2159
23 4204 4230
65 1567 1640
79 1525 1610
20 1519 1539
45 1093 1138
49 2280 2338
53 3622 3677
19 2414 2435
65 1423 1488
22 2099 2123
12 3114 3126
55 1627 1686
31 3424 3457
64 1359 1430
11 2927 2938
77 4187 4272
31 3629 3660
43 347 390
12 707 719
79 3955 4041
43 2935 2980
18 3014 3033
15 1984 1999
68 2494 2570
71 1175 1250
50 1936 1990
13 1183 1196
11 1819 1831
62 3660 3726
46 2799 2851
64 1897 1962
72 816 888
54 1373 1436
26 3393 3420
70 2850 2924
51 2244 2304
57 2701 2763
22 3588 3611
48 964 1019
76 2012 2100
19 366 387
56 2973 3039
80 3896 3978
19 1946 1967
32 1658 1692
56 2499 2561
41 4252 4299
32 1837 1870
27 1011 1039
45 40 85
14 1012 1026
42 538 583
52 2752 2812
52 3752 3807
27 2291 2319
27 3814 3841
34 2541 2578
38 3518 3557
53 2786 2845
23 1462 1489
32 3270 3306
15 457 474
30 2360 2394
37 4199 4240
22 3501 3525
73 808 892
66 2530 2600
14 673 687
28 3808 3838
60 2173 2242
47 403 452
47 1707 1754
18 78 97
53 1360 1419
58 3395 3454
20 334 355
32 215 247
28 504 535
40 3668 3710
19 3967 3989
48 40 94
67 3850 3922
41 2847 2892
62 2399 2470
60 3459 3522
47 2057 2111
16 301 318
34 3635 3672
72 3346 3430
50 2074 2127
12 584 597
45 614 666
37 913 951
27 3502 3533
28 1893 1922
49 1043 1093
76 1477 1563
16 2054 2072
13 787 801
21 4026 4049
45 2330 2380
39 1473 1517
56 215 274
22 781 805
27 226 253
36 3621 3662
73 3959 4037
13 1284 1298
46 2852 2905
76 822 905
26 186 214
13 3193 3208
52 3014 3071
41 1855 1900
42 2217 2259
43 489 536
50 1283 1338
63 2535 2602
69 1126 1195
42 3471 3518
80 1225 1321
76 663 751
31 886 919
63 1667 1735
74 1319 1401
21 106 128
73 1327 1410
33 2592 2630
27 3863 3892
16 3436 3454
60 3671 3740
54 295 351
61 3026 3091
66 538 611
56 1931 1994
28 2185 2216
79 1613 1692
24 2179 2206
43 2133 2181
38 3281 3319
37 3771 3810
58 1272 1331
41 2178 2221
27 4058 4090
34 809 846
23 239 265
53 363 426
31 3543 3577
59 106 176
33 2439 2476
25 3388 3415
17 1315 1333
11 3437 3449
11 1056 1067
49 484 538
32 1616 1648
68 2691 2760
61 240 305
53 2978 3041
19 3504 3523
22 4015 4037
44 733 785
12 332 346
65 2017 2089
45 2416 2469
61 2930 2996
23 460 485
10 4247 4257
27 2413 2441
40 3315 3362
80 3715 3798
67 3060 3128
20 1231 1253
32 3270 3306
22 745 767
39 3724 3770
76 1568 1653
28 3160 3192
66 2734 2803
41 607 650
53 2249 2303
75 4093 4182
36 588 624
38 2970 3014
14 2208 2222
21 877 899
33 3269 3305
41 339 382
71 348 422
31 1052 1086
38 699 740
42 3753 3797
22 1711 1735
51 982 1034
28 2696 2724
30 3716 3746
35 982 1017
43 41 86
74 4254 4342
63 1082 1150
80 4195 4279
72 3146 3223
60 2369 2434
10 220 232
22 1421 1447
73 2323 2396
50 4061 4120
48 1273 1328
17 88 105
29 3579 3612
26 458 485
26 3222 3253
32 1516 1553
39 1747 1791
55 3906 3961
25 3116 3142
40 3907 3954
30 924 955
34 674 708
75 3771 3856
36 6 47
34 3239 3273
16 2285 2303
14 2218 2233
10 1661 1672
33 3312 3347
23 1854 1881
39 398 440
32 711 749
79 1018 1098
63 3387 3461
58 1892 1957
62 3240 3311
73 3815 3893
36 3334 3372
14 101 117
12 2 16
31 305 340
67 3111 3182
56 4156 4220
37 3339 3376
68 531 607
14 1979 1995
71 411 484
44 69 117
60 869 934
34 3189 3224
32 179 217
74 2939 3022
65 3028 3106
41 3196 3239
45 3228 3278
26 2895 2921
16 2743 2761
59 4084 4145
43 2440 2485
72 2781 2863
23 1129 1156
17 1003 1020
58 614 674
63 1227 1298
78 3467 3548
38 2498 2543
38 3541 3583
66 1759 1836
25 1563 1590
16 3471 3489
28 69 100
39 2790 2834
65 2647 2723
72 3535 3613
15 577 594
74 3059 3135
53 1559 1621
33 290 328
47 238 290
62 1824 1889
65 588 662
20 4144 4166
53 1124 1181
59 4155 4216
24 1757 1781
79 3901 3981
28 179 212
34 503 538
57 1514 1575
70 4084 4157
48 3074 3124
54 2582 2639
39 6 52
43 2363 2407
21 1824 1848
60 3146 3206
24 3066 3091
20 3298 3320
75 464 547
10 61 71
28 335 364
39 2140 2179
19 2054 2073
80 125 209
35 3665 3704
55 3535 3598
44 3857 3905
36 2649 2685
58 2534 2595
13 2493 2507
32 2289 2324
61 2434 2501
19 2639 2660
38 2358 2400
75 126 213
64 705 778
53 2102 2157
77 1989 2067
51 2689 2740
26 1082 1109
59 915 974
32 3314 3350
20 4013 4035
22 1974 1997
19 1326 1348
56 3442 3500
62 3965 4038
53 2892 2952
73 2898 2980
68 2141 2219
60 4044 4104
18 1623 1644
59 2596 2662
44 2834 2878
47 3865 3914
50 1944 2003
24 1741 1767
11 2989 3001
48 2010 2060
41 1482 1528
76 930 1020
13 1783 1798
29 132 166
16 1798 1816
19 41 60
68 735 813
33 4045 4082
24 2245 2271
31 4146 4182
72 3341 3424
24 1702 1726
28 778 811
29 1173 1206
75 253 331
76 1717 1799
47 742 790
50 4022 4076
65 1795 1860
51 3818 3877
53 610 663
18 4250 4270
56 2736 2794
28 1418 1450
71 406 477
41 1094 1142
75 2580 2670
20 2097 2119
15 2326 2342
63 1052 1120
41 3718 3762
72 882 968
