500
15 2526 2541
34 4482 4516
23 4971 4996
48 5481 5537
32 5071 5106
62 1619 1687
80 4838 4926
42 2389 2431
79 1929 2013
56 3618 3677
20 5014 5034
28 376 409
40 3949 3994
19 5355 5374
80 1237 1318
75 2657 2732
55 1882 1946
72 1632 1713
29 2112 2143
74 163 237
54 3780 3837
67 1617 1696
18 344 363
50 2321 2376
72 945 1020
21 2763 2784
27 4224 4253
77 5421 5507
71 2009 2093
43 3000 3046
43 1930 1978
75 5481 5559
69 2262 2333
35 1131 1167
71 2048 2128
26 3995 4022
52 5224 5278
71 752 835
55 2434 2493
18 4419 4438
12 4008 4022
62 4610 4672
79 3405 3496
52 1498 1551
63 4366 4434
26 2959 2988
53 375 428
45 1134 1186
56 4024 4081
49 4697 4752
26 2991 3018
28 1458 1491
35 2546 2581
33 5538 5574
56 4034 4101
62 1970 2034
51 4885 4937
48 1916 1970
78 2550 2632
75 3250 3326
79 695 782
10 4761 4773
52 915 967
65 866 935
35 3521 3560
43 1582 1626
80 4665 4756
35 1492 1533
15 347 362
40 2345 2385
77 2441 2528
31 5191 5225
49 2548 2604
63 251 324
20 4579 4599
45 3788 3837
50 4356 4413
55 401 459
35 4765 4804
79 541 635
45 2605 2654
19 4758 4780
75 4524 4599
70 3390 3469
10 5193 5204
67 3347 3424
55 5185 5242
56 645 709
80 2605 2693
49 2220 2278
23 1781 1808
34 1738 1772
19 4172 4192
75 3663 3747
32 3676 3710
36 2444 2485
54 3515 3576
45 211 263
69 5072 5143
21 3826 3849
35 5319 5360
37 3315 3355
22 158 181
75 1070 1157
29 4461 4492
66 2707 2773
25 4619 4645
69 1630 1700
47 4518 4568
77 1075 1162
49 3772 3826
37 1244 1284
27 874 902
74 553 641
27 825 854
22 212 235
21 4516 4538
48 3360 3416
13 5169 5183
62 1740 1803
46 4618 4664
20 3090 3112
33 5 43
19 3360 3379
72 2605 2691
78 611 693
19 5263 5283
12 3079 3091
73 4268 4350
73 1844 1929
40 5154 5198
38 3104 3147
66 2127 2194
56 5283 5345
14 916 930
22 4451 4474
59 3528 3597
58 1784 1847
24 374 399
34 657 691
35 498 538
27 111 139
17 4784 4802
63 2403 2476
59 4460 4521
50 3251 3302
43 5238 5284
42 3898 3942
24 1130 1158
50 1247 1303
20 3629 3649
29 4 35
65 4415 4485
21 4765 4786
28 3591 3620
55 1042 1097
30 1840 1872
66 5325 5396
30 5233 5268
75 1456 1538
59 120 179
78 3911 4001
65 5384 5453
10 4498 4508
51 5437 5488
16 2489 2507
44 2180 2231
23 2220 2243
62 1685 1750
16 2535 2552
19 4138 4158
63 698 771
14 1457 1473
54 3462 3516
47 1701 1750
71 4229 4311
42 941 990
50 5128 5187
67 4323 4399
37 311 349
58 2923 2986
23 225 248
14 3264 3279
30 1085 1115
45 1800 1845
63 1175 1246
79 2749 2839
40 3089 3136
36 4664 4702
23 2270 2294
31 1299 1334
51 985 1039
28 170 201
45 4880 4925
65 2163 2232
12 297 309
57 3901 3967
37 260 301
76 3396 3477
33 4087 4120
49 1750 1799
18 3774 3794
70 2054 2137
55 509 573
33 3038 3075
15 3749 3765
42 1491 1538
25 945 974
39 4321 4364
56 4708 4767
30 4911 4944
30 3719 3750
63 79 146
52 988 1040
50 1781 1833
61 5383 5444
27 4879 4906
12 910 923
12 4775 4787
50 820 879
20 456 479
57 4183 4244
45 3301 3347
61 3967 4033
70 605 685
79 818 900
21 4455 4478
17 1999 2017
42 2123 2167
69 256 327
73 4928 5014
37 1588 1629
42 72 114
63 4139 4204
34 3725 3763
61 3195 3268
28 5367 5400
11 3881 3892
26 3718 3746
71 2490 2569
60 1290 1360
56 3093 3150
15 2952 2967
31 5433 5470
37 3103 3143
46 4419 4470
45 2439 2488
46 4817 4868
10 5380 5390
53 2339 2398
77 3583 3673
26 2533 2560
69 4974 5054
79 4169 4251
15 4560 4576
55 5236 5292
72 5588 5667
56 5521 5580
33 3873 3909
23 4811 4837
10 4415 4425
61 3829 3900
26 4276 4306
35 245 286
52 5477 5538
32 1251 1285
66 4132 4210
51 2868 2922
69 1342 1413
67 2820 2895
76 1393 1470
76 1176 1256
25 1875 1902
41 4925 4970
78 1877 1963
61 3582 3647
28 1978 2010
68 1045 1117
72 3616 3689
53 28 82
61 5012 5077
60 4088 4153
11 4666 4678
60 4229 4300
14 1031 1045
80 3192 3284
77 3529 3618
55 399 457
70 5271 5350
71 757 840
74 3266 3349
55 505 565
57 3749 3806
29 4488 4518
13 3709 3724
79 2121 2205
25 2355 2380
59 4915 4979
39 1845 1884
66 2753 2823
12 3 17
74 5005 5087
61 2824 2889
75 4959 5045
51 2065 2121
39 5197 5242
40 4700 4740
38 4855 4896
23 3864 3888
61 1132 1197
72 1457 1540
65 2350 2416
39 3361 3405
38 4098 4139
64 2213 2280
74 2275 2354
25 3963 3990
24 4557 4581
73 22 100
34 4626 4664
16 5310 5326
33 4030 4064
19 2264 2285
27 4121 4149
60 3039 3103
44 4817 4861
62 2667 2737
48 5317 5371
18 3730 3749
79 453 536
36 1747 1784
22 5579 5601
38 2699 2739
33 4220 4255
65 2700 2768
14 4774 4789
60 2878 2943
80 4371 4458
28 5362 5391
23 3045 3071
73 924 1003
64 17 86
77 547 628
55 340 399
67 3659 3739
12 4841 4854
37 1546 1583
14 4262 4277
39 371 417
20 3133 3155
44 2805 2854
65 642 716
35 2320 2356
32 68 103
41 2388 2432
12 4579 4592
33 1597 1630
21 2550 2573
63 2064 2135
78 4278 4361
33 454 488
77 1546 1625
16 4885 4901
18 2659 2680
23 2163 2189
67 4321 4390
36 1345 1384
63 5014 5087
37 340 380
75 4042 4128
58 4588 4650
63 3478 3548
33 1339 1377
16 3583 3601
36 2928 2968
45 2593 2642
38 3966 4005
26 5587 5613
37 2002 2043
71 3140 3222
46 2811 2865
55 1182 1242
46 5478 5530
22 3672 3695
14 1039 1053
36 5151 5187
31 452 486
73 3189 3265
10 87 98
64 5585 5651
73 5072 5158
16 5119 5138
43 227 278
69 3008 3082
33 1841 1879
53 4592 4647
43 308 359
27 1974 2001
40 2169 2215
30 408 439
15 3622 3638
42 5531 5575
50 2961 3016
22 4846 4870
21 5387 5408
58 297 366
60 4364 4435
61 983 1045
37 1888 1925
13 4958 4973
32 1001 1033
28 5269 5300
14 27 42
63 1692 1758
22 948 970
79 2221 2314
43 2927 2978
39 2320 2359
33 1595 1630
65 5121 5198
53 4484 4547
37 3827 3865
46 3151 3204
58 1502 1560
73 3465 3542
16 4512 4530
52 5169 5228
22 2652 2678
44 3196 3245
13 602 615
36 5128 5165
59 1383 1445
62 2522 2595
55 115 170
73 5525 5611
80 159 251
15 535 552
18 4315 4333
29 3475 3508
51 3002 3055
40 3306 3352
40 824 866
69 4708 4784
11 603 615
79 3750 3830
36 1685 1728
51 4657 4710
41 4554 4596
53 4005 4059
70 2009 2082
74 864 943
37 4819 4858
51 1073 1125
30 493 524
29 1292 1321
74 2860 2941
39 2860 2906
22 3108 3134
36 5 46
60 3410 3471
64 2962 3036
41 3902 3943
50 1546 1599
64 746 810
49 2697 2750
14 2933 2947
73 3829 3909
43 647 690
15 1542 1558
39 4182 4222
79 706 796
73 3133 3214
68 1393 1468
63 1343 1411
67 124 199
12 3079 3091
38 757 801
72 1288 1369
56 2767 2830
29 3056 3089
80 410 490
72 3877 3951
26 870 899
21 2402 2424
17 4551 4570
41 4010 4056
29 5434 5466
78 4783 4871
16 2316 2334
10 1974 1984
34 5061 5098
66 3319 3398
39 4087 4132
29 2484 2517
51 1386 1439
22 693 715
32 1921 1956
80 1171 1254
52 5355 5410
42 2478 2523
