100
2 75 106
17 66 386
32 151 481
10 142 360
22 111 439
4 78 181
46 79 282
34 120 358
42 34 120
24 81 116
48 59 121
39 117 191
8 140 415
37 102 423
16 53 156
17 146 437
20 127 216
35 31 368
41 154 504
16 113 272
37 125 347
15 82 350
48 49 279
20 148 286
11 149 201
17 82 149
2 144 309
35 16 160
43 50 137
24 114 401
21 154 215
23 55 153
9 49 72
18 127 361
29 94 133
20 42 232
25 100 194
21 35 185
2 146 223
1 56 93
40 88 129
37 94 301
38 47 101
6 24 302
48 110 404
23 12 144
5 146 309
47 1 232
23 138 266
25 7 52
19 129 429
47 88 209
5 22 316
5 32 62
46 57 293
21 79 407
42 78 147
19 1 143
43 49 286
30 30 79
2 125 136
22 94 214
28 121 449
29 58 178
30 122 300
49 94 220
40 155 334
1 101 122
47 141 367
11 61 240
9 106 133
27 54 366
6 94 182
31 4 143
6 95 357
43 83 251
22 130 298
11 41 181
24 148 360
46 51 359
12 109 227
37 55 147
7 95 129
32 20 245
16 88 309
9 147 181
33 80 373
49 96 325
11 124 268
17 122 184
48 18 209
13 6 241
30 21 166
23 114 165
8 25 141
34 98 391
39 79 190
48 116 465
8 22 277
4 63 250
