200
22 125 515
32 155 635
12 229 369
3 170 490
21 197 528
43 258 303
37 136 543
41 161 394
12 310 906
13 134 310
12 200 615
1 311 389
37 114 536
34 298 395
19 12 435
5 225 399
29 29 159
5 162 726
34 16 284
23 304 579
33 227 283
40 101 642
17 8 39
10 215 737
32 240 860
33 7 298
38 256 804
7 15 450
1 136 585
25 222 389
34 133 516
37 304 895
3 95 382
40 141 636
31 49 534
44 215 302
41 259 713
23 228 309
31 65 664
7 71 87
18 190 641
19 225 795
29 52 238
11 129 456
30 273 461
34 7 394
10 152 766
38 51 612
45 27 632
12 225 808
9 32 579
11 311 675
41 38 436
14 91 514
43 66 558
35 275 835
9 45 355
46 268 919
20 153 406
25 106 506
23 284 865
18 53 331
13 212 487
6 290 449
38 63 667
34 82 458
43 72 416
39 308 511
42 77 558
20 222 506
6 285 773
33 31 426
22 296 530
36 196 814
48 271 653
48 234 704
34 68 445
10 216 438
24 16 103
41 126 290
29 101 503
42 156 280
3 310 749
24 140 523
31 44 196
18 154 500
6 267 784
19 167 244
15 19 533
22 274 657
28 169 400
14 221 513
8 233 421
2 218 307
34 66 291
16 177 672
29 311 917
17 248 559
7 86 300
10 249 577
14 77 463
34 21 584
20 152 218
46 172 688
22 28 545
35 100 241
46 167 681
37 116 290
43 35 429
8 193 524
42 273 586
32 9 459
40 250 779
24 301 443
27 306 597
13 236 746
43 44 398
40 306 664
44 279 774
29 81 220
16 232 598
29 2 279
28 15 532
26 283 454
45 290 605
38 87 627
41 101 556
49 225 434
26 34 270
38 212 516
15 196 269
2 54 219
14 13 416
15 97 436
34 224 866
4 244 440
15 195 684
15 298 423
28 301 350
7 48 495
47 84 471
17 154 351
8 40 300
27 208 845
21 129 341
39 287 720
13 22 445
12 165 438
37 50 288
28 118 580
24 2 605
18 252 540
38 164 545
24 27 585
45 201 558
1 206 334
14 31 237
13 108 424
46 120 411
1 77 509
44 218 601
16 233 264
29 65 241
5 152 424
39 76 220
32 245 531
3 227 662
40 73 416
37 20 225
45 94 412
35 279 863
28 7 655
22 131 712
25 3 43
16 162 751
23 141 420
15 5 454
21 256 292
46 255 826
31 159 244
20 9 34
27 55 483
11 108 227
39 261 435
42 168 581
6 185 206
12 26 471
9 172 331
27 9 86
33 194 532
3 61 283
31 145 604
2 310 365
21 101 281
38 0 94
35 14 564
11 301 840
3 216 451
47 266 718
15 185 775
