400
21 587 953
6 494 856
46 266 1124
35 22 222
4 492 1219
3 313 1278
48 417 1564
13 472 1590
36 165 743
42 144 1319
35 206 501
15 615 1819
30 92 704
22 95 606
30 322 391
40 240 1285
15 138 281
22 585 1685
24 43 745
40 36 82
13 112 457
2 84 1214
9 293 1305
11 293 1278
28 264 502
25 302 781
10 287 449
32 451 661
30 427 652
13 340 1077
20 237 518
2 318 1020
16 456 1684
36 491 1130
19 202 496
20 624 1675
15 47 663
29 602 1198
31 158 1082
37 239 1255
43 321 636
4 513 1326
48 491 584
13 525 1099
13 223 476
46 346 653
14 329 758
46 404 924
18 175 1107
7 165 803
40 109 602
22 53 1048
10 330 1141
48 328 682
7 555 838
28 244 409
9 133 741
13 332 1161
46 323 519
31 476 1642
31 322 703
5 283 1268
18 501 597
8 514 782
3 332 1320
26 334 654
27 463 568
25 126 567
4 60 435
39 86 1100
27 244 852
12 27 235
13 608 1623
4 533 808
9 471 929
34 230 339
25 126 1204
31 269 1156
33 360 1373
29 204 1459
45 107 662
8 520 1078
36 145 1168
12 553 1528
33 578 1402
29 89 1191
10 176 579
34 231 523
41 579 1207
22 581 1321
32 376 661
41 44 942
47 515 1736
18 1 369
26 175 292
18 406 1279
2 97 389
18 378 804
30 324 778
40 405 1468
6 314 784
5 227 1119
32 512 1708
12 250 543
20 418 1202
25 269 927
8 511 1168
48 348 1519
36 297 958
10 195 1267
40 401 915
14 91 149
19 460 1422
48 325 883
8 187 1331
23 197 255
38 394 1671
15 593 1437
14 224 1240
10 298 1227
14 276 1413
33 269 791
12 114 1129
16 280 1182
39 599 644
43 143 1180
43 515 1054
48 518 1554
48 58 330
26 172 516
18 363 1477
13 99 802
30 417 1195
36 372 1000
32 126 722
25 368 931
33 416 1044
35 106 248
19 80 120
16 388 493
31 216 483
40 350 1512
36 352 1150
10 387 769
1 361 1502
6 434 1410
45 378 441
25 68 316
44 486 1339
16 623 1154
46 324 1107
30 165 517
36 459 1576
37 365 590
47 305 1524
39 396 1312
41 448 1586
17 21 236
36 351 392
16 439 1490
30 64 718
21 615 1766
22 471 1449
26 252 333
13 213 1409
14 137 810
24 457 1630
24 140 742
43 547 1381
37 422 1024
38 489 558
34 560 1254
11 236 535
10 291 1346
18 446 1201
38 441 589
30 182 1007
29 567 1127
15 372 519
5 120 872
49 15 220
9 549 765
29 144 1329
29 15 480
43 303 776
24 6 521
35 511 734
49 253 876
43 583 1534
7 216 1172
28 26 1240
8 133 400
40 68 524
18 271 1509
16 546 1760
28 372 1466
5 564 847
5 74 1050
8 296 1074
45 482 1436
25 246 1142
25 207 1151
28 583 743
25 355 530
17 263 1480
13 464 1559
35 293 661
32 331 1166
21 585 956
23 440 1416
30 285 991
48 348 556
32 218 582
42 195 1178
29 237 308
17 293 1325
26 99 870
15 468 1528
4 311 1514
28 7 386
32 212 1112
23 224 1455
23 356 443
14 166 1220
38 462 1701
39 327 659
26 273 1107
5 339 1109
42 344 586
39 357 1477
35 313 1352
3 42 1266
12 451 1655
25 607 1690
40 68 1108
46 74 1108
32 591 1747
33 112 339
10 202 1264
31 51 590
26 340 781
29 182 991
42 592 1105
32 228 1122
35 316 1049
39 419 466
28 574 1829
13 454 750
47 495 1589
11 591 735
35 9 859
43 467 1278
15 310 1087
35 437 1258
40 475 566
33 266 405
23 353 679
38 47 1148
33 173 1206
28 75 1032
27 444 909
13 244 955
22 186 1229
25 121 829
23 111 565
25 176 896
11 82 1089
9 601 649
37 418 852
49 483 1047
11 599 1434
5 271 1472
45 455 1566
19 337 1256
47 109 539
36 536 1765
16 591 1347
15 129 307
39 430 699
11 118 1177
33 41 1200
19 39 1151
46 394 860
33 171 363
39 50 648
10 293 1143
34 380 435
43 478 1100
28 548 1061
8 195 1238
37 535 1774
31 596 685
45 137 420
36 600 720
37 29 824
6 184 586
20 45 1210
34 503 1598
2 372 988
20 439 912
2 388 731
19 5 303
12 100 1176
23 226 1076
42 415 690
49 127 438
39 8 750
45 236 542
1 425 1669
31 331 857
30 509 1096
31 187 562
43 53 417
33 268 595
41 36 588
27 498 807
28 624 1441
1 177 722
43 321 1460
21 376 495
43 513 1480
22 251 488
1 452 1513
45 257 309
30 579 1002
25 462 1730
37 350 904
9 440 1331
45 83 472
40 502 1412
37 208 388
25 416 1563
44 19 619
20 139 342
43 382 1213
6 268 1113
39 71 122
11 414 765
22 284 1421
33 164 624
30 230 659
1 577 1277
24 433 618
9 36 397
20 302 970
20 430 976
34 150 1006
29 68 500
22 327 1061
34 160 667
13 85 457
19 265 453
24 140 609
2 581 1401
28 423 992
24 385 906
44 104 902
18 595 1452
4 463 1273
44 279 832
25 296 946
12 582 1386
37 89 998
46 184 1317
40 616 991
33 447 1095
44 382 1008
26 475 967
21 567 642
21 365 885
45 293 1208
44 314 1270
21 619 1427
16 616 1255
9 294 1400
4 580 654
25 499 1494
3 218 1268
38 469 1256
4 451 1322
37 570 647
16 486 1740
13 429 1586
5 148 1193
36 269 1405
36 307 1236
11 281 633
15 77 521
22 21 1250
20 521 1265
38 557 659
11 554 979
26 76 703
4 514 1310
5 84 1255
45 291 1046
48 382 534
15 42 686
9 116 999
8 323 830
