450
33 212 695
4 374 1388
29 433 1579
29 174 1291
24 219 477
35 515 904
31 365 1373
39 322 738
16 55 914
34 145 1229
15 12 156
12 522 767
33 55 500
25 57 1045
37 591 713
21 659 1475
48 141 1366
15 228 738
34 535 1379
6 110 772
33 180 798
39 517 743
3 39 412
1 72 1133
24 205 841
7 222 268
10 339 508
25 57 128
34 324 507
36 6 720
36 551 1205
21 192 671
26 47 1134
46 167 289
41 297 1166
11 385 1638
34 296 1126
43 141 994
14 584 1075
42 206 1281
6 654 1303
36 486 570
1 110 370
17 178 619
14 664 1212
9 29 1200
35 362 627
24 413 1319
29 669 1477
14 281 955
40 318 941
20 225 922
9 339 1269
16 120 922
5 408 863
2 354 464
27 275 618
13 525 575
14 658 1635
33 504 1489
9 31 1330
44 133 544
37 130 1367
44 35 1202
46 331 1215
40 254 1316
29 626 1083
33 673 887
25 590 1924
16 137 682
26 390 554
29 148 852
34 53 642
10 245 792
20 33 1216
9 383 1594
20 348 375
22 304 488
12 359 1463
17 175 917
3 29 1250
5 39 1059
32 95 1320
27 215 1367
14 46 406
34 527 1370
29 433 1012
20 258 425
33 424 924
18 63 357
27 457 1760
40 609 1125
17 182 927
1 200 943
46 530 1586
28 374 1169
25 148 1089
48 35 216
22 560 1283
44 559 911
32 112 1321
49 77 692
8 311 1600
15 499 1158
38 426 1636
39 466 1475
22 152 971
9 149 520
26 599 1039
39 486 1529
25 489 530
23 355 517
44 407 1151
39 167 556
21 237 784
27 594 1154
9 223 324
31 304 951
43 96 1360
41 635 712
7 336 535
42 625 1388
25 619 1206
17 250 1331
8 402 1746
36 507 1010
38 75 633
38 562 734
30 491 986
49 631 1006
37 421 1490
36 673 882
11 169 429
18 525 1042
48 235 1249
14 259 1228
46 304 801
29 461 1351
17 202 720
36 666 1102
26 344 1129
12 658 1916
37 41 1326
33 404 1346
44 102 678
47 670 1673
19 86 1437
29 588 1429
19 510 1113
25 262 1255
34 667 1297
47 582 1371
24 249 1407
3 606 1204
5 128 855
18 96 394
5 164 745
7 26 1086
19 542 845
40 647 867
20 650 1293
29 269 1316
26 459 510
19 634 1563
9 298 1097
32 288 1433
28 544 765
14 525 739
28 661 839
27 305 490
34 194 303
31 69 531
15 447 897
47 419 1433
47 592 1516
47 288 1322
8 377 882
37 476 1065
10 276 473
11 95 755
4 521 1724
23 287 879
29 258 351
37 166 802
2 5 691
35 459 1682
1 120 831
14 247 1278
2 70 198
27 539 604
42 410 1234
33 651 1859
4 481 578
13 542 1225
11 620 1796
41 88 1266
49 310 480
9 357 1212
20 106 386
46 19 1096
3 308 503
2 603 1899
3 131 388
20 443 908
4 589 1272
7 505 701
49 354 1446
45 82 512
23 146 970
17 102 788
39 368 638
36 62 1161
15 597 813
5 186 898
38 658 1548
12 234 951
19 240 525
47 409 1286
15 52 308
31 439 1733
24 268 338
24 235 260
49 490 1062
18 181 1030
13 245 486
25 547 1873
30 492 1452
44 394 1270
10 20 615
34 195 406
9 469 798
22 619 865
30 48 877
35 427 1679
9 198 865
17 193 435
49 2 677
7 338 1051
17 25 313
48 83 664
23 217 838
48 362 841
49 453 731
8 600 1000
46 108 508
35 20 339
47 185 1390
47 369 1670
18 229 599
22 512 1450
16 246 392
15 651 1347
47 425 969
34 202 739
44 359 1738
32 0 258
15 502 1142
24 333 1123
14 192 243
13 595 1739
48 322 1286
26 52 1114
49 648 927
39 259 756
37 107 580
42 375 1464
46 248 1220
27 492 1511
28 8 194
8 46 396
24 336 1133
32 598 960
46 3 540
45 370 570
18 124 630
12 344 507
34 84 697
43 409 607
32 146 772
39 179 610
49 539 1725
22 229 1131
4 548 1244
21 636 859
4 464 999
26 436 530
49 171 641
41 593 1323
28 352 686
8 344 918
27 150 1084
25 291 809
14 561 1170
33 427 1737
31 466 987
13 365 633
48 418 853
47 661 1609
7 187 616
47 621 903
8 65 1357
26 539 1063
11 668 1725
43 668 1304
26 98 666
48 591 1215
44 175 1068
17 96 1441
15 256 1332
28 636 1421
45 456 740
4 282 771
36 262 1578
39 471 548
18 300 1011
16 319 789
32 18 660
11 428 1074
37 218 859
20 356 612
46 429 1244
24 48 129
32 269 673
3 65 1109
31 517 1126
17 261 710
46 416 613
14 52 473
46 402 1318
25 189 564
36 227 661
1 106 691
18 341 1476
18 74 797
20 221 1568
2 472 1159
29 388 946
28 648 854
11 173 715
31 590 1911
8 548 1272
27 240 803
19 150 1238
34 409 1285
9 36 125
20 173 1077
34 534 1172
41 208 1492
44 138 323
33 535 826
34 594 1139
23 433 1026
33 255 672
15 162 267
42 557 1795
5 416 1245
43 206 606
36 107 1229
16 181 476
43 110 320
31 616 1061
43 133 1330
41 618 852
12 351 1201
8 32 451
29 456 1389
38 302 1146
44 469 1148
47 192 1218
12 483 757
29 447 1507
41 36 1349
46 506 792
45 47 1326
5 491 1816
12 190 1052
8 487 830
42 306 1631
37 255 1619
17 380 1428
29 504 751
6 358 1022
6 235 1586
45 228 975
46 244 380
48 78 1280
35 346 1348
23 380 1198
20 488 1055
20 510 1017
37 138 1232
29 311 755
28 613 807
30 462 1217
13 52 858
1 338 1307
6 185 968
24 317 656
16 559 769
3 417 1035
45 0 1252
45 25 602
26 657 845
13 520 956
35 341 726
17 449 712
13 306 1577
4 329 1353
16 464 1806
12 45 1038
44 330 1591
2 492 1381
35 401 1356
5 35 1094
12 388 1044
20 193 1136
42 661 794
9 280 1263
14 180 283
36 0 989
20 366 969
14 323 1063
30 435 1266
37 421 799
4 556 1060
43 332 735
8 174 731
40 414 1136
24 672 1466
47 25 979
27 333 696
18 477 1671
29 266 633
47 502 1432
9 97 661
37 571 712
5 385 503
1 273 1507
18 202 251
6 0 483
12 438 1353
29 540 636
25 336 1300
35 595 1660
8 638 914
13 39 1126
36 480 1557
2 267 830
36 359 986
14 605 975
