500
20 489 1938
5 12 1488
49 130 1351
27 97 1491
47 302 1413
16 320 1162
23 426 891
33 399 935
8 619 1557
45 658 734
29 0 255
3 450 557
8 706 1401
10 240 1088
45 279 489
13 715 1841
2 134 1155
6 272 378
19 177 665
10 459 1349
28 689 904
14 453 1463
42 77 1114
6 664 1546
33 604 1893
12 247 1447
38 185 1247
16 7 484
49 618 981
48 221 1116
33 536 1691
10 316 1622
31 441 1630
3 266 740
48 683 1002
31 305 545
46 353 1590
48 34 967
11 359 1497
12 442 628
39 225 1501
32 343 1642
20 360 427
8 679 821
24 282 433
8 267 707
44 527 1089
28 445 831
19 695 1704
39 711 1443
37 624 1244
6 563 729
21 434 1800
39 379 498
38 637 864
20 501 596
20 82 300
3 736 1747
6 310 1024
14 220 1379
44 560 761
43 560 1515
44 543 1482
26 408 553
47 54 477
25 46 610
40 548 1463
20 492 1196
34 623 1234
1 527 1836
38 338 700
44 691 1901
16 229 1149
6 670 2201
12 237 312
43 717 2157
3 71 398
2 233 1734
36 234 1510
45 429 716
3 679 1441
42 729 1724
5 627 1978
19 247 1763
19 637 1694
42 60 1249
46 420 644
12 751 1730
7 701 726
49 225 834
31 476 2065
25 233 923
23 342 1417
28 319 1080
17 255 1361
31 223 1767
18 387 1035
9 410 1473
47 741 1505
2 472 1617
48 103 274
34 330 375
40 170 689
43 436 1046
33 209 1637
7 697 1130
1 683 1273
43 457 964
36 327 1718
22 528 1149
31 368 1777
35 54 1210
39 93 161
34 316 723
41 758 2070
13 380 902
26 626 1792
30 533 1569
49 194 778
37 287 676
27 283 1155
31 172 1082
16 347 1822
23 472 1722
47 118 881
48 190 694
11 565 1442
15 407 1073
43 699 1484
38 0 1118
13 644 811
48 123 1704
23 645 1466
24 215 1232
34 725 1525
10 580 2063
33 474 1737
5 736 2282
26 315 1546
7 446 1082
44 211 998
24 518 1226
1 779 2247
40 761 1030
38 335 1225
12 86 696
10 312 880
6 124 1095
19 720 2283
20 559 2105
39 103 1476
3 72 632
45 689 857
33 4 949
44 37 927
7 14 1165
30 189 460
41 510 904
25 307 1216
17 385 1830
47 545 1128
29 579 2060
4 554 851
25 225 617
17 772 1778
12 307 1663
27 652 898
6 128 1024
32 70 597
38 496 1685
49 597 1872
28 514 976
49 546 1817
28 714 1917
22 671 2134
46 246 1042
18 602 1233
32 773 2275
11 72 466
35 147 1239
46 299 1766
3 663 1493
32 588 651
35 90 142
11 84 1491
19 529 1731
28 366 1240
5 445 1863
39 750 2202
47 103 1024
38 14 812
8 500 890
48 764 2205
11 74 1359
2 159 1570
25 204 1177
2 438 953
4 83 438
38 452 2021
16 600 1380
30 329 1065
25 556 756
8 735 1391
6 102 964
20 356 1742
34 358 1121
30 276 1183
46 503 1056
40 635 727
26 453 672
38 747 1023
48 683 2237
38 315 1750
47 89 388
47 694 1340
15 444 1856
45 484 1433
4 297 617
19 44 734
10 10 944
43 54 1056
19 624 2081
4 400 1721
8 569 621
44 444 2038
49 467 1712
19 666 1635
21 42 605
29 338 1275
35 512 1829
12 686 1423
3 643 1544
36 210 883
5 112 1092
18 410 1180
41 379 966
13 428 1314
49 682 1334
48 722 2119
6 554 1936
19 302 1520
6 184 1622
2 680 1351
8 502 1797
24 461 845
1 273 1651
30 159 365
10 425 645
7 381 1633
31 453 1981
40 495 679
46 435 1014
9 385 875
21 128 1674
29 504 1935
11 373 953
4 425 1480
1 507 784
46 79 893
21 242 835
19 611 1475
40 112 1706
16 162 1352
45 778 1337
44 620 1218
18 101 711
42 95 500
8 271 911
20 356 487
5 206 661
2 130 749
27 18 530
49 540 677
7 117 1335
23 420 1516
46 654 2188
25 139 1590
27 580 2034
43 248 674
3 596 821
3 24 632
17 544 926
36 438 1489
16 346 1775
15 61 755
1 1 117
26 759 1114
39 699 1583
12 570 836
46 562 694
48 319 392
25 358 1457
40 85 806
21 236 915
4 64 964
18 530 835
13 114 392
22 567 1138
38 264 1817
1 423 433
34 687 1423
21 604 1080
7 383 752
30 2 774
43 563 1745
37 116 164
23 497 1451
39 166 1611
26 512 1673
3 236 1556
39 105 702
43 200 1498
11 780 1218
23 187 1002
46 491 1393
9 701 1325
2 457 856
41 102 906
33 521 2026
2 767 2008
43 543 1402
33 630 1966
2 304 1464
46 487 1977
18 4 1174
15 91 1284
5 312 1252
24 528 1540
48 418 780
9 688 1289
40 470 978
42 734 1890
17 705 969
48 427 1151
6 710 1390
39 534 1597
13 256 1712
10 305 812
20 780 1836
36 729 1445
26 34 1275
12 276 459
14 223 1583
40 778 1814
1 67 1385
36 294 590
43 252 1706
37 401 1668
22 210 650
44 384 1352
36 616 1371
22 34 1380
43 190 986
43 695 1605
45 186 496
11 8 956
5 64 774
33 596 1295
5 758 841
14 563 860
45 514 955
10 334 872
8 331 1617
19 738 763
27 340 1060
14 652 1350
40 510 601
42 530 668
33 104 285
25 464 544
48 4 1253
34 591 919
37 374 915
34 49 1034
15 696 891
27 732 1154
47 333 969
8 263 732
1 256 1079
18 757 1788
18 321 815
9 195 1137
36 163 936
46 601 694
19 628 879
18 184 633
49 722 2030
29 356 1189
48 489 1730
4 170 222
25 379 1040
42 114 1465
22 353 403
35 6 1236
4 583 1591
15 149 1151
49 604 2066
16 476 702
32 60 524
11 223 689
40 481 1224
10 770 1366
46 762 983
46 600 1095
27 86 1327
43 671 2028
21 748 1672
28 702 2093
4 53 1039
19 620 1112
32 434 1508
2 89 742
41 80 1332
32 36 134
9 316 1444
36 578 1703
19 422 776
32 709 1322
19 626 1572
39 171 958
25 407 592
21 29 1022
31 345 1652
26 117 803
24 438 1615
4 427 1365
26 256 1292
42 592 2003
49 120 1645
4 354 632
12 605 1718
42 192 1312
24 671 1636
31 755 1611
41 24 1197
44 341 1504
16 739 1305
20 213 1550
34 332 833
39 592 696
31 754 2120
39 545 815
4 134 1275
45 200 951
25 367 1290
33 229 1744
21 747 917
21 755 1627
32 290 1288
36 575 1969
24 25 1024
46 545 1334
28 31 1224
24 489 992
44 280 1704
20 278 1531
22 405 1087
30 471 1206
6 613 2065
34 553 1801
9 310 1758
25 654 996
33 616 1338
37 154 384
2 324 801
47 276 1474
21 391 1835
26 121 511
17 563 1564
11 28 1124
27 137 1321
44 692 1841
12 520 1060
28 391 1911
12 539 600
8 19 141
41 739 1872
24 117 1058
13 386 1410
1 175 1533
21 202 1784
25 684 898
21 721 1696
4 576 1846
34 272 1671
7 325 943
4 725 1764
42 80 994
24 608 1539
32 11 175
1 600 1951
7 98 264
12 200 374
24 662 957
34 166 220
8 404 1532
31 119 1220
9 298 1059
11 698 790
40 744 788
