100
41 1134 1175
12 885 916
112 1010 1164
4 1117 1146
55 875 969
89 0 89
1 944 1005
21 0 72
147 532 731
2 525 568
5 203 243
70 677 748
165 832 997
1 378 449
72 351 447
2 86 135
101 71 253
1 693 754
84 573 702
172 232 404
43 924 1037
1 1012 1063
7 501 561
10 0 10
27 899 956
2 739 790
1 1001 1026
307 26 333
88 744 854
1 818 843
112 1006 1175
8 385 473
4 161 238
17 948 1025
21 529 556
11 1110 1140
14 1155 1247
2 865 945
112 0 160
7 156 199
27 1130 1191
2 238 250
112 426 538
50 480 582
199 309 536
9 533 584
43 770 860
106 33 139
42 972 1016
38 694 759
15 1124 1155
10 953 973
22 0 22
86 611 752
3 1000 1076
20 885 954
2 969 1006
60 1076 1206
6 733 780
1 292 321
2 318 344
4 888 926
111 992 1103
17 92 190
290 400 690
2 0 37
16 17 68
8 853 917
142 192 401
27 1083 1171
23 171 197
1 600 644
2 984 1038
1 543 575
294 690 984
17 913 973
3 1136 1199
6 192 224
82 531 613
44 1128 1203
19 65 150
3 174 218
212 293 505
12 0 48
1 526 582
9 731 822
71 785 913
33 1042 1150
16 1030 1051
88 649 786
121 774 928
14 1011 1030
95 161 268
95 123 277
6 709 721
20 122 168
47 1137 1237
17 1165 1202
22 1052 1117
2 874 894
