150
57 1128 1236
20 1475 1577
142 851 1045
2 134 192
20 979 1038
5 1170 1189
1 315 379
4 1627 1719
3 832 928
71 1404 1492
68 1407 1475
4 1372 1454
84 1578 1725
3 479 538
112 132 244
2 156 221
29 1465 1543
149 1196 1345
83 0 83
1 1390 1436
142 538 680
35 402 497
81 921 1012
25 450 518
5 70 126
1 930 980
15 1781 1812
2 252 288
103 0 103
4 785 805
201 1484 1698
13 446 518
48 493 545
1 1166 1221
252 1487 1739
1 746 765
33 1225 1275
43 1715 1814
6 929 964
3 127 142
1 1598 1637
14 94 172
12 156 187
57 672 793
8 1015 1058
103 732 835
60 1689 1749
2 81 120
86 876 962
92 1095 1261
95 0 134
2 486 502
29 960 1055
206 1157 1363
30 65 150
93 843 994
5 681 721
4 0 44
36 1692 1740
1 846 885
1 263 336
171 95 303
14 1153 1238
25 0 29
1 1181 1235
78 1567 1720
101 1439 1573
4 827 881
1 1092 1162
2 1445 1529
49 1707 1782
120 321 468
2 626 676
26 1184 1236
42 1660 1758
166 0 166
15 1300 1401
53 563 659
2 1386 1445
31 1278 1362
2 1009 1074
88 161 277
96 735 831
2 958 1004
6 822 871
3 1656 1700
3 901 975
25 1213 1284
75 1435 1553
148 721 869
89 985 1161
42 1270 1333
3 686 724
170 1339 1569
43 1703 1758
26 253 298
71 279 358
55 1345 1425
16 88 138
86 294 442
5 0 53
142 1256 1444
5 849 911
26 831 911
22 962 991
23 685 769
2 87 126
205 462 667
1 663 721
9 1547 1637
5 520 572
21 462 489
147 1030 1177
26 954 1058
106 129 262
40 72 178
1 1487 1532
3 1389 1450
1 1496 1538
21 715 751
4 1411 1477
7 648 699
141 799 940
119 1008 1181
5 1246 1272
18 1006 1100
36 1731 1803
172 1007 1179
27 1257 1297
10 388 475
196 356 573
2 524 598
7 683 734
10 394 468
20 109 176
132 269 401
23 677 733
2 789 810
8 253 272
1 692 732
1 384 401
1 1213 1270
23 939 998
80 1523 1633
2 991 1051
151 627 848
246 404 733
176 265 441
4 1752 1810
2 150 188
