200
12 1257 1327
183 552 747
3 541 565
1 1768 1822
5 372 438
16 407 478
3 0 47
77 0 83
61 1746 1829
141 251 439
36 0 74
154 1263 1417
4 2034 2103
5 825 878
6 241 286
27 1206 1314
60 2204 2265
4 1509 1574
74 1841 1946
64 1451 1518
149 1499 1649
20 721 761
34 1310 1344
6 1656 1726
74 2256 2384
3 1311 1347
69 2078 2203
162 364 526
177 806 1021
134 742 876
37 381 457
2 1536 1541
1 875 911
30 55 99
6 1016 1069
44 1243 1358
52 2323 2375
1 2271 2302
175 1605 1780
20 1542 1599
112 1939 2074
5 434 484
41 1300 1369
227 1959 2199
157 1133 1330
2 665 695
10 0 41
17 513 567
6 209 291
8 2253 2306
17 1413 1501
138 756 894
198 1203 1401
27 1345 1393
156 531 740
152 1639 1796
35 1365 1424
1 2137 2171
39 2263 2396
14 959 1063
40 1003 1086
212 1793 2030
4 1435 1492
84 980 1091
233 0 233
2 1828 1862
10 706 784
4 342 433
9 124 195
1 1667 1716
3 1424 1481
25 1094 1161
1 1518 1563
9 979 1045
40 2317 2389
43 246 356
92 853 1039
235 425 660
42 1181 1263
1 350 427
2 1810 1837
38 0 38
88 721 853
26 1102 1159
1 1086 1152
3 886 970
2 1884 1949
126 756 904
1 978 1024
130 1656 1786
222 976 1245
23 2256 2303
9 1494 1539
162 2058 2220
11 533 597
68 628 748
14 531 570
89 1539 1628
15 0 21
44 546 682
39 58 180
1 244 285
216 1912 2129
2 2274 2339
3 1290 1320
8 747 810
10 242 284
1 1123 1159
34 77 138
29 2288 2366
93 394 560
2 2034 2053
12 1187 1213
13 1718 1786
13 863 931
24 251 332
16 1704 1790
78 30 108
3 240 277
81 439 585
2 507 577
1 1000 1066
12 1597 1658
3 1271 1341
77 1380 1507
1 79 121
2 421 487
147 1836 1983
247 145 392
96 2301 2397
20 1221 1249
90 1612 1702
1 263 307
100 2139 2269
9 1358 1440
63 2239 2302
14 1951 2023
9 1335 1408
6 723 773
1 1218 1252
91 1752 1873
97 1426 1526
1 798 809
99 2209 2308
6 318 367
68 896 1050
46 2317 2413
1 896 957
85 290 427
65 307 407
22 1197 1227
17 1107 1135
9 1601 1633
115 993 1125
1 1858 1889
26 1067 1108
9 489 569
117 2130 2284
197 60 313
1 2300 2333
1 417 443
91 1480 1571
9 727 790
22 1567 1628
116 639 792
128 1370 1542
6 172 211
1 1905 1992
1 2205 2237
36 550 597
19 1539 1642
42 1117 1206
45 1623 1686
19 688 752
21 158 179
28 1092 1149
2 711 750
10 403 443
2 2049 2132
11 92 187
1 672 751
1 1701 1761
44 726 795
99 1127 1264
148 123 327
6 337 411
30 1555 1585
5 728 747
7 1649 1682
2 1798 1843
2 2059 2094
2 1979 2010
18 0 25
40 1332 1404
109 1793 1936
1 239 313
15 1516 1559
4 0 43
100 888 1068
46 2000 2087
