250
15 2154 2246
3 649 696
45 390 452
1 2411 2477
107 1640 1747
1 2035 2100
167 2274 2441
3 751 786
1 1818 1876
53 2860 3002
10 2887 2951
12 2054 2134
48 2132 2198
2 1290 1322
4 1032 1110
72 636 744
12 950 988
1 654 685
3 904 931
3 2704 2769
7 2004 2082
1 41 90
9 869 920
170 1776 1946
24 397 421
12 0 57
110 1740 1850
2 1794 1803
15 1516 1590
9 84 137
154 2718 2928
14 1573 1664
1 1735 1776
3 557 586
35 1461 1532
1 1944 1978
5 1050 1109
32 1516 1577
215 1507 1743
113 478 591
7 752 788
47 272 389
2 1028 1108
18 348 405
8 2366 2414
13 92 118
10 577 623
214 335 564
18 700 739
90 2328 2487
8 1478 1486
1 2309 2370
48 1957 2043
86 343 450
137 2650 2787
5 2003 2022
22 2419 2501
130 2384 2517
25 1515 1540
152 869 1021
14 0 58
1 1763 1783
2 2730 2757
2 1990 2013
11 2061 2109
1 2661 2693
1 2335 2399
43 893 943
11 1536 1608
69 1017 1135
196 45 272
1 1217 1299
2 1530 1579
84 2141 2235
21 1426 1471
12 2437 2490
1 747 778
4 552 595
18 2410 2462
147 112 300
2 1848 1912
26 2431 2502
1 1433 1479
2 849 905
2 2462 2507
174 1980 2154
70 2643 2773
126 1383 1509
1 319 354
5 1153 1208
108 1256 1364
1 2117 2171
1 2709 2777
42 2924 2980
88 2149 2299
75 0 75
13 2040 2058
3 1138 1153
102 225 368
7 2382 2458
45 907 1012
1 1424 1491
33 1145 1199
234 2433 2745
18 295 336
16 2405 2479
86 1773 1859
24 2593 2703
1 1755 1809
14 2806 2875
69 1836 1963
148 739 887
28 1934 2008
6 892 935
124 2267 2420
193 2164 2357
54 1168 1284
47 1471 1518
88 908 1035
1 2225 2291
171 998 1244
2 2900 2930
23 1934 1996
1 1087 1139
2 2522 2560
131 1990 2139
1 2753 2798
67 2224 2329
89 8 97
1 2669 2703
177 1576 1753
1 742 782
5 91 135
11 1942 2013
30 2678 2776
5 995 1043
131 1789 1920
2 2218 2276
5 2243 2278
28 231 289
199 2459 2686
42 2561 2646
17 1757 1832
2 1385 1409
22 337 400
21 2922 2994
237 906 1170
10 2834 2888
28 1539 1608
44 2050 2150
21 2476 2522
72 809 903
258 2641 2899
2 73 119
9 465 510
2 207 251
47 1825 1911
14 1867 1945
31 1174 1237
48 2905 3021
16 284 355
10 334 375
3 2674 2741
101 1079 1222
18 1754 1797
2 1919 1965
8 0 33
24 1941 2050
38 1594 1714
1 2118 2171
120 2836 2956
5 722 777
85 2245 2330
41 1180 1282
79 1224 1307
216 1226 1486
87 2830 2985
144 592 800
7 2421 2504
1 121 145
70 2058 2128
1 1716 1761
3 2282 2293
1 2639 2701
3 863 902
77 2124 2201
30 1990 2035
34 681 747
78 1350 1443
227 114 341
14 1418 1488
90 1548 1677
113 750 922
1 1003 1040
28 2537 2598
117 534 723
1 1872 1884
8 2444 2494
8 2598 2665
102 1036 1138
2 1512 1568
124 730 904
13 2597 2650
152 535 706
139 1299 1438
3 1014 1057
1 1547 1574
14 1502 1566
144 417 642
64 270 334
26 2242 2330
99 561 683
112 0 141
16 1779 1822
33 2834 2867
24 1201 1302
1 2469 2504
87 2724 2867
9 358 398
1 1939 1980
73 966 1065
147 1447 1594
1 2312 2359
39 1888 2003
8 338 418
110 1941 2114
211 0 211
33 344 419
7 573 621
9 0 28
172 2481 2694
171 1619 1846
9 2982 2998
54 2909 2994
140 1218 1433
19 2133 2196
2 1204 1246
91 1120 1248
3 2656 2691
27 2216 2294
1 93 127
4 2050 2075
2 2388 2417
3 2234 2301
171 377 548
3 2050 2124
1 422 464
9 1426 1475
138 688 871
1 1199 1279
