300
131 926 1057
33 874 914
126 1137 1263
47 1179 1270
180 560 789
1 855 895
2 1595 1642
32 1429 1479
25 1615 1647
20 320 394
1 1360 1380
1 2643 2678
19 1287 1337
13 2214 2314
178 2855 3033
20 1979 2029
5 2310 2354
64 269 365
9 1962 2031
69 1458 1594
99 3358 3526
41 1102 1143
4 3566 3634
39 649 715
10 932 964
2 1054 1128
17 2462 2551
151 1686 1844
6 232 278
1 253 327
147 2228 2438
119 2014 2169
14 1486 1531
25 2509 2605
48 2786 2891
193 1239 1449
1 952 1023
34 0 79
108 1500 1611
26 904 947
1 2113 2153
9 2623 2655
87 102 209
7 3085 3105
3 3451 3479
6 1242 1299
118 1567 1690
3 820 881
178 2418 2596
71 3462 3547
15 1080 1163
114 764 901
79 741 849
76 2934 3055
10 2784 2841
10 2578 2662
23 0 23
6 2530 2565
73 876 954
91 3464 3581
35 3285 3334
2 426 475
43 2099 2219
7 2496 2541
1 2864 2920
6 2232 2272
151 690 885
1 2109 2174
169 96 265
16 1808 1858
5 3464 3525
2 2117 2155
119 2449 2568
105 2750 2869
1 3102 3155
5 3572 3616
1 2096 2152
2 599 639
15 2118 2155
2 3212 3249
2 3546 3610
8 256 328
8 1848 1900
47 3181 3255
2 3358 3423
8 3464 3504
85 1179 1264
1 2231 2304
1 821 857
41 3190 3300
206 1274 1480
14 1221 1294
10 60 126
6 3373 3447
178 3346 3524
3 1242 1304
35 2461 2571
4 2856 2949
1 1273 1312
4 3232 3273
45 1601 1720
22 1212 1277
9 3549 3590
1 3171 3221
42 59 133
28 552 611
37 930 976
1 3327 3374
10 2595 2635
6 3200 3287
85 1261 1346
4 449 510
13 0 13
3 179 240
6 3434 3489
14 646 691
1 2753 2810
12 314 398
147 1807 1976
199 2883 3082
4 85 128
184 204 388
130 3427 3582
203 1453 1658
4 1697 1747
10 2861 2913
15 1425 1480
1 1942 2015
1 866 883
46 2375 2453
80 1064 1154
3 2431 2448
1 2967 2980
65 2508 2607
23 824 900
39 1059 1128
6 3433 3507
3 2388 2454
3 3384 3445
1 404 452
44 2455 2522
85 1837 1922
2 1475 1518
11 1144 1220
17 1486 1535
11 442 507
152 1663 1815
2 125 165
104 2325 2429
1 3544 3613
3 687 726
25 2166 2244
6 1630 1707
1 728 767
30 2225 2286
24 2426 2492
85 2257 2360
27 2645 2684
87 1996 2123
192 1897 2126
15 1186 1201
1 2616 2672
2 11 35
6 2528 2610
18 2395 2477
21 1966 2073
3 3021 3067
18 1449 1523
2 2367 2415
26 3534 3616
10 3322 3348
53 2130 2209
5 108 147
86 2161 2328
6 1435 1468
2 1939 2007
119 2344 2504
103 2897 3011
4 622 705
36 1026 1062
2 2879 2903
14 1676 1736
88 14 102
3 335 373
165 527 692
1 1238 1267
39 2172 2236
7 2525 2598
17 3157 3197
132 1842 2011
33 1077 1146
325 2533 2858
42 3240 3334
1 845 886
33 3382 3442
17 1927 1988
77 1861 2017
34 931 1045
175 1291 1466
77 1533 1616
44 0 50
162 2636 2798
5 78 149
36 1807 1869
2 3433 3494
141 265 406
1 722 778
41 583 652
199 480 679
21 3529 3588
125 35 160
128 2654 2794
132 2261 2393
1 3034 3060
116 2634 2778
159 328 558
69 1343 1427
2 1111 1172
27 229 284
25 492 519
19 3565 3602
131 2108 2268
1 71 88
331 809 1161
111 1099 1248
124 2100 2224
1 2384 2437
1 2793 2847
64 205 293
15 734 749
4 2571 2616
12 2394 2458
136 2999 3135
157 1657 1814
1 952 991
1 1699 1755
41 3336 3420
7 2284 2310
172 2790 3010
30 3422 3494
1 640 719
168 266 434
28 2254 2325
23 513 563
213 651 864
1 2853 2904
43 1517 1588
111 2982 3158
169 1698 1867
8 3324 3386
1 677 712
151 814 983
5 2272 2324
133 3053 3186
1 2167 2195
1 2573 2632
2 1901 1971
9 1670 1735
1 218 239
22 472 546
33 2360 2435
113 103 287
4 2838 2905
11 1642 1716
1 3154 3210
3 3389 3442
5 2512 2564
25 1477 1528
125 0 157
60 2554 2628
1 1414 1479
3 285 314
9 522 574
171 3043 3214
91 3198 3310
24 1486 1576
194 417 611
33 2209 2293
73 0 76
14 2622 2653
25 965 1062
185 3180 3426
1 3342 3370
6 1460 1523
40 387 439
1 1001 1013
104 3353 3483
8 1796 1853
1 3037 3082
106 1971 2104
14 3310 3381
65 3101 3233
35 1945 2026
6 521 546
162 3229 3391
8 2118 2177
31 423 486
3 1615 1657
1 843 889
92 1011 1103
