350
94 1627 1749
2 3233 3301
172 418 590
105 3109 3225
8 270 340
14 846 894
1 1927 1966
262 2090 2396
1 1340 1363
1 3975 4060
139 480 633
1 3188 3268
25 0 39
104 3250 3354
236 3240 3510
1 405 484
170 1785 1955
38 858 896
47 2459 2554
1 2487 2548
7 2719 2782
122 973 1159
4 1980 2011
150 3854 4023
110 1753 1863
1 1805 1833
13 425 438
92 2836 2944
9 86 178
86 2936 3033
122 0 146
61 469 593
112 3745 3916
29 1641 1675
1 3216 3237
11 2790 2822
3 1395 1450
174 618 792
5 1042 1082
1 3730 3798
39 4014 4131
33 1135 1199
24 4044 4078
95 2321 2424
140 2577 2767
2 2175 2252
43 764 867
95 3614 3769
77 2414 2569
27 4172 4238
69 1727 1796
33 347 472
2 2612 2690
1 957 1047
93 4033 4138
26 1315 1419
13 134 174
2 160 239
6 38 69
11 3878 3911
2 1515 1565
3 623 715
2 2992 3045
35 1647 1736
10 1327 1403
1 244 297
164 1768 1932
10 2033 2059
6 3661 3734
89 3035 3124
7 3149 3211
29 1222 1312
1 1247 1282
2 3946 3989
44 3597 3711
2 2141 2175
32 1506 1563
5 287 331
33 3005 3122
6 3115 3183
2 3883 3903
1 2909 2958
1 2719 2786
5 1693 1761
5 3517 3556
5 3473 3494
93 1233 1380
100 3220 3360
3 1731 1780
4 3916 3965
103 1961 2141
5 853 898
138 2509 2647
3 139 221
6 2214 2239
106 1963 2078
15 2073 2116
37 1660 1717
39 2145 2224
3 3142 3165
13 3583 3629
61 2925 3027
40 3856 3986
1 982 1016
48 1341 1462
9 768 829
12 809 912
49 1466 1521
11 325 411
129 2017 2179
1 3268 3336
133 1860 1993
1 557 598
1 3723 3795
25 3570 3679
22 2779 2851
133 3984 4121
23 1921 2012
264 298 567
5 1787 1847
1 2434 2448
94 3320 3468
79 3957 4083
1 2490 2524
140 3739 3879
9 3593 3645
2 3845 3927
42 3095 3162
24 3160 3231
12 1565 1671
10 1226 1263
59 951 1044
14 3480 3582
2 422 488
1 1748 1762
102 59 161
3 1074 1160
4 1253 1291
90 1019 1140
6 3192 3283
25 1942 2033
231 2203 2434
278 2370 2648
1 1632 1686
2 887 929
47 4153 4200
79 1529 1655
95 540 635
1 120 154
4 2238 2326
7 3220 3238
2 530 606
37 1189 1246
96 858 992
77 2641 2757
1 741 784
23 434 542
119 3737 3878
3 620 664
57 2129 2186
1 1135 1224
198 2716 2964
2 3893 3900
1 1502 1540
11 2885 2939
8 695 763
3 1968 2013
124 3060 3184
81 2167 2256
2 2987 3026
22 1247 1359
21 2080 2178
7 3328 3354
13 1304 1330
34 2793 2860
122 3441 3563
19 1071 1133
84 3897 3981
79 2651 2730
14 12 75
86 3674 3822
2 1780 1837
33 3006 3102
70 3215 3339
11 829 894
162 1621 1783
48 1261 1371
5 1390 1424
352 3292 3644
3 106 162
2 1682 1697
2 1578 1659
10 28 85
72 2657 2771
86 971 1057
1 1204 1232
3 3569 3640
193 2712 2950
43 3861 3952
12 741 774
1 3451 3483
35 1673 1775
142 2904 3100
13 3169 3220
195 2698 2968
106 3920 4055
3 3861 3875
14 2509 2544
42 1735 1777
128 62 190
40 302 347
18 350 433
5 3494 3532
38 2995 3087
11 4121 4189
15 1916 1996
28 4128 4183
169 565 734
28 3061 3100
144 173 358
13 0 44
87 2939 3032
66 2217 2283
2 2986 3074
32 2754 2820
4 2095 2136
1 4144 4161
283 2363 2646
17 2628 2663
174 1132 1311
1 2020 2088
169 1017 1186
1 1975 2028
11 3932 3965
4 2011 2072
2 2576 2613
1 3675 3723
203 641 881
1 955 1008
2 1046 1078
46 1794 1898
3 2076 2130
97 714 843
5 2449 2464
28 406 516
40 4073 4128
106 1863 2035
2 459 502
4 1249 1315
139 1328 1523
2 2056 2105
2 2933 2983
55 3133 3204
12 352 412
37 1185 1251
30 1312 1343
1 1326 1363
281 25 311
24 4162 4239
100 837 1012
3 3136 3178
24 3728 3775
3 1458 1512
250 1357 1607
2 2373 2390
9 2188 2238
41 2301 2342
3 3580 3626
18 4136 4215
83 3506 3624
22 3856 3887
81 339 471
1 4031 4058
1 1944 2025
14 415 463
183 243 426
7 459 501
2 3847 3919
111 4072 4202
68 0 68
1 760 833
62 3930 4034
1 3892 3942
64 3437 3524
92 3113 3232
5 1587 1638
21 1840 1885
8 3249 3289
67 1409 1501
5 1312 1351
13 10 103
31 1619 1653
15 3338 3384
123 866 989
8 1542 1579
1 3028 3073
2 2922 2972
35 2100 2208
1 3561 3608
47 950 1062
31 2259 2301
2 3348 3376
9 2618 2687
25 1000 1064
78 2285 2406
140 139 279
211 1437 1663
151 1961 2185
34 2522 2581
215 1065 1280
20 4014 4074
95 1394 1562
4 2196 2215
65 0 106
9 632 705
134 3619 3753
5 1699 1761
2 3210 3234
67 745 895
11 3186 3257
26 1762 1809
1 3029 3046
1 1821 1895
9 819 887
151 3361 3524
157 605 768
90 159 283
11 2528 2571
207 3516 3723
120 3754 3923
5 597 629
80 1555 1635
2 3085 3133
4 1992 2035
9 3491 3564
2 829 869
1 3221 3259
70 1329 1425
15 2340 2434
5 2900 2949
1 3355 3383
17 2189 2224
86 876 962
14 1276 1362
6 462 543
78 3064 3190
2 2718 2750
57 1117 1215
46 1956 2067
2 3610 3638
