400
3 1307 1350
52 4703 4791
21 211 301
3 243 279
19 3064 3124
63 1396 1474
1 2697 2746
1 877 930
3 433 503
104 368 546
5 2948 3023
65 95 160
166 3507 3724
4 266 279
1 420 482
2 2443 2522
1 1603 1674
6 2764 2843
268 832 1100
10 3000 3044
2 2523 2550
129 985 1197
203 4380 4610
90 0 138
81 2641 2722
4 312 362
8 699 787
1 2230 2285
181 6 216
5 4586 4650
12 4566 4617
12 655 715
26 3986 4031
30 3743 3781
32 2329 2412
15 2582 2607
9 2298 2322
1 1865 1880
101 3056 3204
16 401 446
68 1950 2079
1 1154 1179
54 553 633
137 4064 4254
8 3404 3459
100 3871 3998
19 668 749
130 2483 2636
4 4381 4419
16 597 640
72 1329 1437
13 2692 2720
1 1510 1561
35 375 413
27 3159 3253
33 2687 2780
13 648 729
113 1875 1988
19 4440 4507
52 3392 3467
3 4684 4720
64 1949 2059
15 448 546
122 246 368
14 2726 2784
5 4751 4810
1 372 424
3 4721 4798
9 2454 2485
28 1388 1459
1 4503 4523
1 766 844
437 1811 2248
81 2841 2923
96 4637 4733
63 498 561
11 0 11
19 3917 3936
7 3995 4052
27 1730 1819
45 1611 1725
48 4359 4442
39 3479 3518
40 2061 2160
63 2889 2990
106 3773 3879
96 4304 4424
82 2192 2365
87 3734 3887
10 1448 1485
70 2925 2995
21 4338 4372
1 3603 3615
1 4033 4080
1 3273 3337
2 4580 4634
180 794 981
20 4472 4538
5 1366 1440
9 4576 4613
245 3462 3719
95 288 398
71 4250 4354
27 195 282
136 1498 1686
12 3957 4031
1 136 208
119 4514 4633
34 3275 3337
90 1286 1415
57 1868 1956
210 2579 2789
28 1629 1680
62 1143 1251
257 3015 3288
34 593 715
1 4353 4384
15 4404 4431
4 4738 4771
4 3282 3348
219 2793 3072
1 4586 4607
37 4472 4587
107 2374 2488
13 4622 4677
109 4582 4698
109 2565 2712
1 4081 4117
236 4064 4300
3 4186 4217
5 3476 3493
93 3220 3313
2 2774 2840
5 3800 3839
87 1305 1403
5 163 204
77 337 414
65 508 574
1 1337 1384
9 1269 1344
1 2311 2358
37 773 826
7 117 208
10 2015 2091
12 4739 4757
143 1120 1304
90 3314 3404
15 454 532
5 1672 1726
1 717 748
2 3144 3217
1 2434 2493
4 2954 3027
66 1779 1857
2 3363 3390
2 4314 4355
7 653 739
19 4393 4416
1 4257 4331
15 400 453
6 3528 3549
122 4422 4604
214 3833 4047
24 4327 4410
16 3514 3548
2 3873 3927
28 4731 4782
1 2775 2815
73 2474 2599
1 1869 1896
15 81 113
72 3942 4041
4 4323 4409
7 2537 2616
12 4057 4095
13 1640 1737
5 4608 4671
29 3387 3471
70 1661 1737
14 162 207
1 1487 1546
104 662 766
6 3712 3778
1 3902 3970
22 3991 4050
1 1975 2051
92 734 826
1 2662 2689
4 3485 3524
37 4729 4827
41 4676 4751
2 3192 3258
60 3273 3413
9 4040 4111
368 928 1335
1 1967 2025
1 1626 1669
69 974 1043
2 3339 3398
36 202 281
8 703 738
177 1685 1862
205 4090 4312
223 3384 3607
39 1623 1721
125 4613 4814
90 1998 2088
101 2958 3139
1 2219 2249
24 4174 4267
3 3272 3335
12 2589 2638
6 180 238
33 3417 3510
82 576 686
4 795 876
2 4285 4359
102 2101 2240
150 118 287
106 4081 4218
47 4216 4265
6 4688 4727
43 555 642
2 4450 4509
82 3601 3707
20 1555 1639
47 542 589
2 3165 3202
4 2138 2226
7 1848 1881
42 4372 4454
44 2599 2731
112 2344 2511
5 4464 4522
1 1923 1955
175 2315 2490
1 1447 1494
1 2561 2587
31 117 172
2 2247 2264
31 4266 4364
98 1466 1601
93 3170 3291
111 1728 1908
99 4232 4364
1 3059 3120
29 1782 1852
11 1713 1796
39 4737 4825
1 3709 3785
122 3810 3945
8 4359 4427
125 380 505
18 4552 4595
102 616 718
17 4542 4560
75 826 909
44 826 875
44 797 905
127 2789 2916
6 3103 3125
8 3170 3199
4 2784 2792
28 282 365
1 3955 3995
6 156 196
19 897 956
1 4561 4570
24 281 343
4 4188 4236
47 1552 1645
65 95 210
1 1876 1894
27 4031 4075
132 3390 3535
100 3522 3624
17 3697 3719
39 2950 3012
127 2322 2466
13 268 325
30 4403 4475
3 1422 1453
182 1367 1618
3 3077 3139
18 1273 1329
34 1467 1508
1 216 251
44 2500 2624
16 4768 4835
87 2721 2831
6 399 482
145 3897 4086
25 4039 4097
1 4704 4753
13 3263 3349
63 4191 4266
35 1864 1904
84 3096 3196
35 1410 1513
182 1202 1384
7 3342 3439
11 2473 2519
36 3030 3070
5 3401 3417
11 1607 1663
86 1413 1552
4 850 919
19 1854 1924
102 4365 4467
18 2275 2359
113 401 563
26 962 1023
10 626 685
13 256 314
3 3185 3249
5 3849 3892
6 0 53
45 1285 1380
6 3038 3114
2 3988 4044
1 1864 1913
26 1602 1666
31 2049 2136
124 2177 2303
96 2226 2395
1 990 1026
8 4648 4695
93 2082 2175
61 2306 2408
18 1644 1726
1 2343 2388
6 4436 4516
7 1562 1642
25 4284 4341
34 2275 2396
10 2802 2877
41 2578 2637
88 716 847
3 2344 2378
9 4027 4036
1 2998 3061
89 0 99
128 0 128
179 2785 2964
95 3315 3433
156 2649 2844
59 4628 4700
3 1973 2031
5 2649 2678
202 3152 3370
1 530 552
26 4028 4111
12 375 409
111 1683 1794
111 845 985
2 789 883
40 1679 1772
274 1036 1354
2 3329 3357
21 4687 4726
152 612 764
2 2300 2354
124 1558 1682
10 1419 1461
122 2972 3145
77 3075 3165
12 1724 1787
10 764 865
130 497 627
212 135 392
6 2940 3005
64 122 264
76 2197 2273
47 1519 1626
103 2444 2631
1 252 275
3 1679 1719
3 1048 1108
224 1979 2225
7 2668 2710
12 3328 3412
51 4416 4555
194 3694 3899
14 666 700
8 4675 4754
1 3595 3679
4 993 1010
67 1906 1977
8 1751 1837
87 3702 3797
24 4553 4638
25 4578 4674
2 1408 1469
27 405 483
1 3374 3399
153 3610 3763
34 2706 2810
19 3460 3502
1 2609 2676
1 1545 1637
