450
41 3292 3370
10 2195 2221
79 2107 2255
357 3628 3985
38 2627 2687
14 5112 5214
3 2161 2171
75 1969 2098
10 2425 2436
3 4948 5041
197 3615 3812
2 1338 1418
22 0 62
11 372 432
104 4742 4871
101 4001 4166
142 1315 1482
157 4762 4919
7 1729 1801
96 3982 4112
17 1463 1511
131 210 382
27 715 775
1 3447 3483
4 1630 1666
18 2167 2208
9 2963 3018
99 3001 3150
151 5015 5166
10 3300 3372
3 4377 4439
95 3457 3552
85 1402 1508
115 4144 4259
2 236 278
86 4425 4524
38 1908 1975
1 1100 1174
4 1552 1603
12 3431 3443
236 3111 3347
3 5261 5348
1 404 426
2 3239 3307
212 608 827
10 5302 5338
31 4082 4162
1 1821 1904
1 5286 5350
1 2811 2848
37 463 543
1 4411 4492
68 666 734
12 4854 4879
2 1487 1539
4 4381 4443
103 298 401
2 3011 3026
2 4631 4657
9 4491 4582
188 1738 1926
11 4446 4497
98 2625 2723
8 5314 5339
34 2498 2540
1 270 347
115 268 454
5 4758 4811
2 2009 2034
7 3360 3382
208 202 410
173 2867 3095
70 3362 3433
113 4881 4994
18 18 85
6 3926 3947
42 33 116
1 2105 2134
90 738 828
183 5032 5215
4 409 447
1 4163 4204
9 5225 5274
8 1136 1191
1 558 602
2 2544 2565
2 3684 3732
2 2907 2930
86 732 877
95 4268 4390
175 2791 3019
21 4973 5048
16 137 227
3 4732 4769
34 2545 2598
162 3504 3687
110 1609 1757
6 1151 1226
133 3842 3975
12 1197 1260
7 4052 4107
2 2182 2258
17 5297 5331
44 2071 2156
1 4863 4920
109 3448 3557
10 4032 4103
16 2176 2267
1 404 462
1 3804 3861
6 2014 2043
20 4009 4046
38 4722 4796
100 1997 2128
3 2472 2527
167 2226 2393
1 4246 4286
7 1731 1780
4 2816 2874
131 570 706
70 2484 2589
13 2821 2859
21 2438 2522
146 4473 4619
26 1072 1178
4 2195 2229
15 1746 1778
9 4840 4874
15 2662 2728
3 4212 4254
3 567 609
17 3233 3312
15 1115 1204
1 5022 5056
4 4261 4310
35 2416 2498
197 2592 2789
120 4438 4592
152 1564 1716
24 2791 2889
49 5266 5332
1 716 752
182 836 1018
3 2174 2230
9 2428 2457
1 3450 3490
52 4497 4622
29 1763 1827
18 4395 4446
78 573 651
3 938 975
2 1540 1578
100 4620 4767
4 548 617
100 2540 2640
1 3525 3592
153 2312 2484
18 5104 5199
127 2179 2306
21 5318 5400
78 2834 2912
5 1458 1528
150 1474 1665
12 3490 3563
31 2506 2572
24 4043 4142
25 63 130
10 3994 4004
194 3790 3997
1 394 442
25 4022 4056
3 4375 4439
2 4251 4288
15 18 67
10 3314 3369
63 5332 5417
86 1343 1455
97 3198 3299
38 3693 3773
2 1428 1488
247 2815 3112
1 4985 5017
72 1864 1962
10 0 57
2 2814 2856
5 2452 2485
15 167 262
20 4102 4153
2 4098 4149
5 1143 1217
19 1996 2045
132 1254 1386
23 5227 5285
22 1180 1217
3 5250 5316
1 2126 2175
23 559 640
123 1436 1586
163 3530 3735
108 4612 4776
3 827 873
2 3057 3126
20 3337 3389
7 894 957
1 3238 3297
4 3872 3890
68 1794 1862
137 2686 2837
20 3780 3844
1 2309 2377
3 2730 2775
45 3546 3647
84 327 411
17 0 34
68 4186 4289
67 4130 4201
1 179 255
1 710 740
57 846 926
9 4450 4508
121 2015 2136
74 1467 1592
121 2421 2542
9 2864 2915
144 5082 5226
176 2237 2413
1 2421 2436
100 4757 4900
1 4439 4496
146 1157 1351
17 534 580
1 5210 5249
2 5086 5161
76 2098 2219
116 482 598
95 5265 5387
2 4346 4388
172 403 575
16 1610 1683
20 3066 3137
26 3587 3646
303 3090 3393
37 2936 3014
24 4091 4132
1 623 675
100 4918 5018
31 3799 3896
1 1393 1455
1 1695 1764
19 1632 1711
8 4078 4131
120 2009 2168
144 1846 1990
25 489 522
157 0 178
41 2740 2812
38 2571 2653
38 2573 2647
224 3364 3588
61 4538 4621
2 4072 4090
24 1960 2030
114 1720 1887
8 1122 1225
3 3932 3985
11 1937 1948
16 1581 1681
37 265 334
10 1575 1635
2 4959 5006
19 4074 4124
10 4731 4744
1 1869 1910
2 4230 4281
17 5019 5071
45 1690 1751
1 1471 1547
5 3955 4034
2 0 38
199 2232 2470
126 1007 1200
7 1409 1430
70 1399 1517
4 5310 5376
26 0 37
91 3335 3426
116 3248 3418
194 1469 1663
5 1606 1663
10 5019 5068
253 0 275
19 549 599
32 406 444
68 4197 4282
28 2787 2835
84 5309 5396
29 5242 5338
1 2971 3004
14 1045 1108
7 4043 4069
119 1062 1181
23 1601 1624
4 3006 3043
4 2011 2069
2 5173 5194
42 2534 2608
2 2695 2768
58 1919 2048
1 4789 4867
106 192 298
80 4391 4476
114 4251 4439
25 1107 1159
10 2419 2474
220 4539 4770
2 708 747
8 3988 4046
80 113 193
43 4848 4926
20 5228 5294
28 1117 1212
7 3605 3669
196 3704 3962
67 377 528
3 3386 3409
3 4013 4041
42 5358 5442
114 3047 3221
1 4193 4227
163 400 563
7 2749 2781
1 1970 2003
160 4832 5005
116 935 1051
4 993 1055
6 3418 3452
7 3795 3858
1 4632 4645
77 2718 2860
120 976 1140
3 3697 3752
92 2625 2771
2 3264 3331
18 2125 2210
54 2197 2260
119 827 997
4 3118 3146
98 4101 4236
95 4103 4208
30 1179 1217
8 4894 4949
42 5205 5308
75 4366 4460
212 1211 1423
12 5094 5137
28 4421 4507
33 3747 3823
2 16 46
67 3431 3559
92 908 1019
1 809 867
14 1295 1309
42 3728 3826
1 185 220
1 496 518
7 1165 1233
6 7 59
3 478 504
196 1770 2008
59 107 170
25 2432 2457
1 4803 4845
39 2831 2927
42 4717 4811
16 1155 1231
1 2206 2264
5 420 455
5 270 351
3 1281 1344
2 1675 1724
11 4290 4370
43 441 524
1 3090 3112
13 2609 2637
2 164 205
3 2136 2184
2 1962 2028
13 3571 3616
1 4476 4522
1 2061 2084
99 1269 1368
42 4790 4835
90 4303 4419
1 5024 5042
94 2118 2212
4 2588 2654
20 4481 4532
3 1406 1468
11 5212 5272
2 150 244
2 2556 2594
3 2805 2819
3 1311 1349
16 3533 3585
1 4727 4768
3 4426 4452
154 2450 2604
69 831 900
3 4129 4194
11 4972 5068
112 1675 1787
142 3909 4067
1 3559 3595
12 5252 5312
111 4207 4362
148 4250 4442
148 888 1100
1 5293 5356
1 2472 2501
181 4939 5120
193 4530 4768
5 5219 5277
112 16 128
34 2045 2140
4 2021 2081
130 4997 5145
31 5267 5313
8 1021 1101
47 5239 5345
9 5260 5296
26 1958 2019
4 3257 3306
43 2913 2957
4 2947 3003
21 2958 3061
19 1167 1214
69 5126 5275
21 4376 4476
104 1154 1320
7 4534 4581
1 4033 4125
247 588 835
24 5189 5241
1 654 694
11 3285 3345
18 521 591
16 1234 1267
32 1040 1138
3 5113 5159
238 2977 3215
