50
1 359 398
4 152 172
98 437 547
2 55 95
11 175 232
112 216 380
143 327 505
2 99 161
3 450 502
85 0 93
7 361 389
80 66 146
4 318 389
125 0 125
1 462 527
190 0 190
163 74 237
2 323 382
19 3 58
4 310 376
9 321 424
30 188 226
79 199 364
38 0 38
1 460 507
7 474 531
194 131 368
21 19 118
8 38 109
69 258 327
135 367 502
42 347 438
4 230 243
74 501 626
74 487 621
5 284 349
35 376 431
25 191 301
16 553 603
107 114 221
14 441 533
25 483 548
5 360 411
2 0 28
22 538 613
2 217 281
22 530 592
179 360 578
63 528 608
37 289 400
