500
3 2000 2064
1 2049 2107
1 5847 5873
69 616 685
5 4934 4987
13 350 445
36 2031 2084
148 2309 2457
88 1513 1637
158 466 624
10 3397 3487
136 5112 5258
146 625 771
132 3747 3879
169 3230 3399
6 2965 3018
11 5421 5481
15 1230 1298
101 3219 3320
2 5882 5919
76 5063 5212
4 521 580
87 1752 1925
173 2154 2342
105 3085 3235
8 4344 4394
95 4271 4416
3 4728 4815
1 3304 3336
34 4251 4329
1 3814 3861
111 3919 4034
8 4403 4460
1 1341 1379
5 5367 5405
4 3477 3515
182 5447 5642
34 4981 5069
1 5869 5924
62 2251 2383
3 2054 2146
102 1810 1921
16 5333 5411
140 2681 2821
11 1567 1587
1 2204 2248
14 5427 5461
88 5896 6023
147 4615 4766
93 3886 4056
13 3530 3603
8 4814 4834
119 310 496
22 122 144
157 5370 5568
32 318 416
25 4252 4348
10 3127 3186
227 4175 4402
55 1623 1725
19 2609 2704
15 1288 1347
1 4746 4787
2 5839 5885
1 3216 3235
4 3230 3294
4 5369 5403
81 940 1029
160 401 604
37 1181 1252
1 4241 4292
85 4527 4676
5 5037 5092
1 3936 3994
1 1796 1867
118 4019 4157
9 2265 2293
2 3292 3328
177 309 492
1 5032 5063
2 2640 2713
118 3139 3278
4 349 402
32 5748 5846
92 439 593
98 5872 6023
39 791 906
125 2057 2264
48 5043 5134
171 5347 5572
132 5206 5338
1 3212 3253
50 891 999
80 387 482
4 2226 2306
111 4349 4503
131 676 823
14 3101 3162
5 5674 5682
38 5098 5185
13 1857 1938
189 4817 5006
123 0 123
12 5855 5911
2 2078 2109
139 3406 3545
49 5833 5942
41 3308 3390
1 2462 2479
120 2 127
142 2490 2632
3 333 344
1 2758 2817
1 3371 3401
39 254 358
1 2692 2746
5 2147 2226
84 4150 4234
1 5004 5065
36 3336 3376
1 5083 5129
8 5333 5412
1 1867 1911
20 1504 1547
18 5875 5904
1 1129 1162
1 531 573
7 2784 2829
11 2517 2557
41 3231 3317
29 5049 5126
1 1469 1487
2 122 170
2 4866 4920
10 962 999
9 3913 3952
6 5020 5096
8 3104 3154
3 5111 5160
5 1764 1835
85 1673 1820
3 2671 2715
9 5840 5929
77 2981 3058
91 3346 3459
73 3558 3675
39 4470 4562
177 1207 1384
1 4054 4112
109 1762 1905
38 2990 3052
7 3399 3450
20 815 874
26 838 926
7 5797 5838
2 1996 2059
1 672 694
4 803 828
4 5328 5348
19 3399 3418
20 5855 5885
94 1068 1163
10 1493 1503
2 1201 1216
16 1303 1395
53 1550 1603
4 100 160
1 2318 2339
120 4192 4312
14 4940 5022
5 4465 4518
36 3790 3887
111 3020 3131
53 0 75
30 4271 4348
218 558 792
30 4114 4217
144 2247 2391
6 949 1039
4 3704 3730
95 1588 1742
30 5362 5392
24 3510 3580
43 3124 3198
14 2041 2115
102 2222 2324
125 4557 4682
19 1581 1662
3 3135 3159
1 260 300
81 3172 3309
6 5597 5684
20 106 206
69 974 1071
142 1857 1999
1 4845 4861
55 546 643
111 5212 5388
1 424 510
48 5864 5944
16 5161 5227
10 482 550
66 4841 4951
1 262 333
40 1283 1344
1 1994 2050
12 5519 5583
3 4128 4184
60 706 804
89 1034 1173
1 386 432
52 4647 4763
75 5215 5290
89 1171 1302
117 5315 5432
1 763 810
17 3374 3409
4 3269 3332
120 783 969
1 122 150
2 1175 1256
5 957 998
12 895 956
53 2037 2090
11 754 796
1 296 352
16 0 43
39 3457 3519
137 3870 4007
13 5663 5737
10 2222 2299
8 1325 1428
37 3055 3118
5 4383 4400
10 1495 1570
120 1718 1842
105 4847 4997
163 0 196
43 3823 3936
146 4006 4152
23 3029 3086
83 2929 3012
6 1330 1385
1 5518 5579
97 5576 5673
5 485 509
40 4309 4437
183 2488 2674
116 1310 1426
6 1113 1184
7 3678 3738
66 3737 3827
1 1096 1106
5 1909 1931
1 2904 2940
105 4418 4574
89 4717 4858
124 5480 5604
1 243 259
293 2342 2635
2 5291 5324
1 5016 5099
18 1818 1858
18 3254 3355
108 497 605
85 3627 3715
2 2505 2560
8 2335 2377
42 1532 1603
35 4086 4131
46 1311 1372
74 2461 2542
5 623 684
3 3515 3574
89 4950 5068
1 818 839
23 771 820
16 5301 5376
12 954 1030
2 3115 3137
24 4160 4207
1 3681 3700
8 2249 2316
4 5046 5117
87 1438 1525
2 2958 3044
1 5250 5288
1 4016 4060
1 4584 4643
69 5362 5492
1 4275 4363
94 2403 2549
2 5606 5683
175 2085 2260
161 5681 5869
5 1503 1526
16 1049 1113
86 1121 1295
237 4477 4749
1 609 646
4 4185 4239
78 1232 1322
12 5650 5687
31 3940 3990
35 3383 3425
1 4497 4535
5 3363 3405
103 2346 2502
17 299 377
2 1608 1670
2 3120 3164
8 1454 1502
230 2533 2763
16 3909 3951
1 1718 1759
155 3037 3235
60 1402 1508
21 1368 1443
13 4800 4838
29 4464 4525
43 1495 1597
10 3344 3391
37 3374 3492
1 3392 3425
2 3596 3639
79 5674 5800
144 4357 4501
6 3236 3300
163 2914 3128
1 1154 1185
127 2641 2822
12 3531 3604
3 3255 3292
15 3278 3312
11 1049 1079
1 4386 4402
2 1845 1903
1 602 618
3 5299 5363
39 3881 3987
80 4752 4843
1 1047 1065
128 3959 4087
8 4246 4284
11 292 375
15 3844 3937
141 2694 2835
166 2827 3004
1 4505 4543
2 3571 3648
45 892 982
3 578 633
34 3649 3737
54 3849 3944
212 4036 4248
28 1467 1525
70 4716 4786
13 1505 1607
159 5699 5931
27 1158 1192
1 465 517
250 4612 4888
6 5021 5071
5 4289 4326
2 1426 1498
96 2888 3023
83 124 237
15 4302 4391
20 2625 2718
3 2349 2401
65 5291 5362
12 3072 3143
9 3905 3945
1 4602 4634
10 1279 1313
2 3538 3564
135 5162 5332
80 5630 5736
111 3530 3697
5 5315 5387
105 623 791
4 4524 4558
165 228 393
106 1886 1992
29 3406 3488
124 1662 1786
2 0 30
28 277 328
9 4974 5029
2 3735 3790
78 3276 3393
111 3707 3880
1 1611 1654
22 5799 5868
25 278 320
111 1060 1176
5 4462 4512
4 4023 4063
53 1577 1667
1 4934 4996
271 1909 2180
21 959 1013
1 5734 5811
4 1311 1359
80 4501 4614
2 2828 2857
39 5133 5176
1 3565 3602
12 2454 2537
17 1884 1946
146 109 313
125 3434 3559
86 989 1095
90 1192 1348
3 4080 4106
37 4162 4199
151 3683 3834
1 1646 1690
6 5807 5863
177 1371 1548
2 5186 5258
153 2759 2912
1 936 1010
5 1500 1562
1 1272 1337
171 3413 3584
142 4325 4467
11 4504 4590
1 715 778
2 3096 3155
159 1862 2038
22 5186 5220
309 5518 5852
98 2775 2876
5 4004 4053
18 5848 5935
147 3578 3725
2 2012 2050
189 1623 1812
11 3768 3818
1 3837 3904
3 1996 2030
3 3112 3157
224 23 247
75 5031 5124
1 3451 3485
160 801 975
1 1255 1287
3 5004 5047
19 3815 3871
65 5890 6004
3 4132 4213
1 5678 5772
46 2869 2991
99 1333 1483
207 4813 5020
69 2022 2091
26 3874 3905
1 1676 1712
1 5882 5918
44 1321 1365
113 1094 1208
53 5463 5516
71 4983 5066
9 804 837
3 1293 1342
14 2651 2714
26 2657 2743
57 2835 2892
8 5365 5382
178 5033 5211
61 1539 1680
3 3494 3548
1 5162 5211
1 1775 1832
1 3029 3100
6 4062 4157
1 4807 4858
13 959 1040
7 1170 1251
34 540 596
1 2052 2084
6 3016 3099
20 3463 3554
11 1469 1539
1 2919 2960
116 3578 3694
33 3810 3928
25 3285 3335
26 5619 5678
170 2052 2222
19 5520 5592
2 1154 1176
223 811 1034
2 3157 3216
24 5799 5875
151 124 312
3 2350 2386
10 794 839
94 5863 5967
